review,rating,date,bank,source,sentiment_score,sentiment_label
the most advanced app. but how to stay safe?,5,2025-11-27,CBE,Google Play,0.6701,positive
Good application,4,2025-11-27,CBE,Google Play,0.4404,positive
It is nice app,5,2025-11-26,CBE,Google Play,0.4215,positive
best,5,2025-11-25,CBE,Google Play,0.6369,positive
good app,5,2025-11-25,CBE,Google Play,0.4404,positive
"it suddenly asked me to enter the verification key I received. and it (*get your verification key from the nearest CBE Branch*) Now I'm in Australia, what do you expect me to do???! There is no nearest or furthermost cbe Branch!! SO FRUSTRATING! How can I manage my bank account now????",1,2025-11-25,CBE,Google Play,-0.8746,negative
nice app...,5,2025-11-25,CBE,Google Play,0.4215,positive
very good banking service and fast service,5,2025-11-24,CBE,Google Play,0.4927,positive
thanks blc this app help me to use all time,5,2025-11-24,CBE,Google Play,0.6808,positive
good,5,2025-11-24,CBE,Google Play,0.4404,positive
why we can't send money to other people telebirr wallets??,1,2025-11-24,CBE,Google Play,0.0,neutral
አታፍሩም ግን ለ15 birr 11.50 ብር ስትቆርጡ ይስተካከልልን,1,2025-11-23,CBE,Google Play,0.0,neutral
በጣም ቀላልና ምቹ ነው።,5,2025-11-23,CBE,Google Play,0.0,neutral
wow,5,2025-11-23,CBE,Google Play,0.5859,positive
good,5,2025-11-23,CBE,Google Play,0.4404,positive
nice,5,2025-11-22,CBE,Google Play,0.4215,positive
you are the reason why i got ye chogara himem,1,2025-11-22,CBE,Google Play,0.0,neutral
it is so smart app i recommend it for everyone,5,2025-11-22,CBE,Google Play,0.7395,positive
excellent,5,2025-11-22,CBE,Google Play,0.5719,positive
good,5,2025-11-21,CBE,Google Play,0.4404,positive
ዳጊ,5,2025-11-21,CBE,Google Play,0.0,neutral
absolutely right,5,2025-11-21,CBE,Google Play,0.0,neutral
good app,5,2025-11-21,CBE,Google Play,0.4404,positive
mid application it's so annoying,3,2025-11-20,CBE,Google Play,-0.541,negative
I used morethan one year,4,2025-11-20,CBE,Google Play,0.0,neutral
no word can explane about this app it is nice 👍👍👍👍👍,5,2025-11-20,CBE,Google Play,0.1531,positive
"It's great app,I love this app",5,2025-11-20,CBE,Google Play,0.8519,positive
Nice,5,2025-11-19,CBE,Google Play,0.4215,positive
suckkkks,1,2025-11-19,CBE,Google Play,0.0,neutral
not allowing to transfer and showing current statement updates.,1,2025-11-19,CBE,Google Play,0.0,neutral
I love you this app,5,2025-11-19,CBE,Google Play,0.6369,positive
"fast and convenient app, thanks for your dedication as a bank to provide good options to your cuatomers.",1,2025-11-19,CBE,Google Play,0.7003,positive
make life easy,5,2025-11-19,CBE,Google Play,0.4404,positive
securr,5,2025-11-19,CBE,Google Play,0.0,neutral
My most optional bank,5,2025-11-17,CBE,Google Play,0.0,neutral
5 star,5,2025-11-17,CBE,Google Play,0.0,neutral
it is fantastic app.,5,2025-11-16,CBE,Google Play,0.5574,positive
excellent,5,2025-11-16,CBE,Google Play,0.5719,positive
sifen,5,2025-11-16,CBE,Google Play,0.0,neutral
i like this√,4,2025-11-16,CBE,Google Play,0.3612,positive
Ok,3,2025-11-16,CBE,Google Play,0.296,positive
ጥሩ App ነዉ ። የኔ የግል አስተያየት- Update ወይንም cache cleaning app ሲደረግ ለምንድነዉ ደግመን login ስናደርግ Restricted ሚያደርገዉ ቢስተካከል እንደ ሀሳብ ጥሩ ነዉ። በዛላይ ድጋሚ አክቲቬት ለማስደረግ ከፍለን ..,5,2025-11-15,CBE,Google Play,-0.3818,negative
"Seriously, what’s going on with this app? The ""Pay to Beneficiary"" option is completely disabled for Android users, yet iOS users get full access without restrictions. Why are Android users being treated like second class customers? It’s the same app, the same service, but clearly not the same experience. This kind of platform bias is unacceptable, either give everyone the same features or be transparent about why you’re limiting functionality. Right now, it just feels unfair and frustrating.",1,2025-11-15,CBE,Google Play,-0.8466,negative
Like,5,2025-11-13,CBE,Google Play,0.3612,positive
Nice and very useful app i like it!,5,2025-11-13,CBE,Google Play,0.8422,positive
good,5,2025-11-13,CBE,Google Play,0.4404,positive
Good,5,2025-11-13,CBE,Google Play,0.4404,positive
Good,5,2025-11-13,CBE,Google Play,0.4404,positive
smart app,4,2025-11-12,CBE,Google Play,0.4019,positive
good App,5,2025-11-12,CBE,Google Play,0.4404,positive
sync problem may 22 2025 but the date stack on may 8 2025 help pls,5,2025-11-12,CBE,Google Play,0.4854,positive
ok,5,2025-11-11,CBE,Google Play,0.296,positive
cbe is my choice,4,2025-11-11,CBE,Google Play,0.0,neutral
Awesome,5,2025-11-11,CBE,Google Play,0.6249,positive
I am not able to transfer. The app is not responding,1,2025-11-11,CBE,Google Play,0.0,neutral
Very convenient App,5,2025-11-11,CBE,Google Play,0.0,neutral
excellent but sometimes can not connect,5,2025-11-10,CBE,Google Play,0.3291,positive
good app,5,2025-11-10,CBE,Google Play,0.4404,positive
wow apk,5,2025-11-10,CBE,Google Play,0.5859,positive
best 100 %,5,2025-11-10,CBE,Google Play,0.6369,positive
bad app,1,2025-11-10,CBE,Google Play,-0.5423,negative
best app,5,2025-11-10,CBE,Google Play,0.6369,positive
wow,5,2025-11-10,CBE,Google Play,0.5859,positive
nice app,5,2025-11-10,CBE,Google Play,0.4215,positive
bad app,4,2025-11-10,CBE,Google Play,-0.5423,negative
the app constantly glitches and won't stop loading despite having a decent connection and a cleared cache. telebirr is way better,1,2025-11-10,CBE,Google Play,0.6355,positive
I can't access it properly I think it needs update,1,2025-11-10,CBE,Google Play,0.0,neutral
👌👌,5,2025-11-10,CBE,Google Play,0.0,neutral
best 👌,5,2025-11-10,CBE,Google Play,0.6369,positive
good,4,2025-11-10,CBE,Google Play,0.4404,positive
not Refresh,2,2025-11-10,CBE,Google Play,0.0,neutral
your statement is not used as wanted,1,2025-11-10,CBE,Google Play,0.0,neutral
good very good,5,2025-11-09,CBE,Google Play,0.7003,positive
this is absolute trash why because it's not Woking most time the servers are down even though I'm using 4g data Internet they steal not working they use to work with out even data package now it's trash can't even send money,1,2025-11-09,CBE,Google Play,-0.4939,negative
good app,5,2025-11-08,CBE,Google Play,0.4404,positive
Bayeee galatooma kana caalati nu gammachisa 🌏🤌🏻💴💸🥰👌🏻🙏🏻,5,2025-11-08,CBE,Google Play,0.0,neutral
Good !,5,2025-11-08,CBE,Google Play,0.4926,positive
i like it,5,2025-11-08,CBE,Google Play,0.3612,positive
Very nice app,5,2025-11-08,CBE,Google Play,0.4754,positive
the app is not functional this week.,4,2025-11-08,CBE,Google Play,0.0,neutral
good,5,2025-11-07,CBE,Google Play,0.4404,positive
very updated bank,5,2025-11-06,CBE,Google Play,0.0,neutral
tankyu,5,2025-11-05,CBE,Google Play,0.0,neutral
nice,5,2025-11-05,CBE,Google Play,0.4215,positive
Numbers 2 and 3 don't write during pin verification.,5,2025-11-05,CBE,Google Play,0.0,neutral
"once it is uninstalled, you need to visit a nearby bank. you go there and they ask you to have a new sim card which hasn't been used before. so you should buy a new sim card and you go back to them with a new sim card, when you reach there service provider says authentication pin is not arrive, the system is not working come back tomorrow.",1,2025-11-05,CBE,Google Play,0.0258,neutral
loved it,5,2025-11-05,CBE,Google Play,0.5994,positive
Ok,1,2025-11-05,CBE,Google Play,0.296,positive
this app is not working on my phone,5,2025-11-03,CBE,Google Play,0.0,neutral
CBE needs to show transaction fees before the transaction is confirmed and not after. This is a big issue as fees are no longer insignificant.,3,2025-11-03,CBE,Google Play,-0.5574,negative
"After the recent updates, I am unable to download a receipt. I can't see the names of account holders I've previously transacted with. Very important. Please fix it asap.",1,2025-11-03,CBE,Google Play,0.5678,positive
nice,5,2025-11-02,CBE,Google Play,0.4215,positive
wow 😘😘😘,4,2025-11-02,CBE,Google Play,0.5859,positive
mobile banking broblem,5,2025-11-01,CBE,Google Play,0.0,neutral
good job,5,2025-11-01,CBE,Google Play,0.4404,positive
good,3,2025-11-01,CBE,Google Play,0.4404,positive
it is a good and clear apps to use,4,2025-10-31,CBE,Google Play,0.6705,positive
ለምንድን ነው ከንግድ ባንክ ወደ ቴሌብር 5 ብር ሲተላለፍ 11 ብር እንዲቆርጥ ያደረጋችሁት,1,2025-10-31,CBE,Google Play,0.0,neutral
I love this app b/c every option in the app very clear and supportive.,5,2025-10-30,CBE,Google Play,0.861,positive
niiceh,5,2025-10-29,CBE,Google Play,0.0,neutral
the app is good but their is no dark mode you have to add it,3,2025-10-29,CBE,Google Play,-0.2144,negative
🤮,1,2025-10-29,CBE,Google Play,0.0,neutral
abdulakim abrahim elemoo,5,2025-10-29,CBE,Google Play,0.0,neutral
good app,5,2025-10-28,CBE,Google Play,0.4404,positive
strong,5,2025-10-28,CBE,Google Play,0.5106,positive
good,5,2025-10-28,CBE,Google Play,0.4404,positive
best,5,2025-10-28,CBE,Google Play,0.6369,positive
Abebaw Zenebe,5,2025-10-28,CBE,Google Play,0.0,neutral
good I love it keep it up but if we had a new update that will be fire Soo good,5,2025-10-27,CBE,Google Play,0.6486,positive
good,5,2025-10-27,CBE,Google Play,0.4404,positive
Cbe,5,2025-10-27,CBE,Google Play,0.0,neutral
Active and granted system,5,2025-10-27,CBE,Google Play,0.5719,positive
fast app,4,2025-10-27,CBE,Google Play,0.0,neutral
cool 😎,5,2025-10-27,CBE,Google Play,0.3182,positive
Galaxy A10s,3,2025-10-26,CBE,Google Play,0.0,neutral
the best apps,5,2025-10-26,CBE,Google Play,0.6369,positive
arif app new,5,2025-10-26,CBE,Google Play,0.0,neutral
laga Bari biranch,5,2025-10-26,CBE,Google Play,0.0,neutral
ነነሠነሠሠነሠሠሠሠነየነ,5,2025-10-26,CBE,Google Play,0.0,neutral
I would like to suggest you improve the time out as it takes the money and doesn't return it back until the next day.,3,2025-10-25,CBE,Google Play,0.6597,positive
Attractive,5,2025-10-25,CBE,Google Play,0.4404,positive
mite,5,2025-10-24,CBE,Google Play,0.0,neutral
useful,5,2025-10-24,CBE,Google Play,0.4404,positive
nice,4,2025-10-23,CBE,Google Play,0.4215,positive
"not good, not bad!",3,2025-10-23,CBE,Google Play,-0.6208,negative
very good,5,2025-10-23,CBE,Google Play,0.4927,positive
እጅግ በጣም አስቀያሚ ጠቁአም ዘረፋ በሚባል ደርጃ የ አገልግሎት የሚቀበል ያልሰራበትን የገዛ ገንዝበባችንን ተዘረፍን ከ 100ብር 10ብር የአገልግሎት ማስከፈል ምን ማለት ነው እባካችሁ እዩት እስትይ ከ ሞባይል ባንክ ወደ ampsa አስተላልፉና እዩት በጣም ይገርማል ሌባ ብያቸዋልሁ,1,2025-10-22,CBE,Google Play,0.0,neutral
good job,5,2025-10-22,CBE,Google Play,0.4404,positive
imp,5,2025-10-22,CBE,Google Play,0.0,neutral
super fast app,5,2025-10-21,CBE,Google Play,0.5994,positive
good app,4,2025-10-20,CBE,Google Play,0.4404,positive
useful,5,2025-10-20,CBE,Google Play,0.4404,positive
"The app has a nice design and useful features like balance check and transfers, but it’s unstable and often fails to connect. It also forces users to turn off Developer Options, which is unnecessary — other banking apps work fine without that. Many people use Developer Mode for normal reasons. Please fix performance issues, remove this restriction, and add biometric login for better security and convenience",2,2025-10-19,CBE,Google Play,0.6896,positive
cbe,4,2025-10-18,CBE,Google Play,0.0,neutral
"it says ""ti is work any more in your device"" what can i do??",1,2025-10-18,CBE,Google Play,0.0,neutral
blah blah blah,5,2025-10-18,CBE,Google Play,-0.296,negative
good,5,2025-10-17,CBE,Google Play,0.4404,positive
bad ግዴታ መሆንሁ,1,2025-10-17,CBE,Google Play,-0.5423,negative
best,5,2025-10-17,CBE,Google Play,0.6369,positive
CBE no.1,5,2025-10-17,CBE,Google Play,0.0,neutral
good,5,2025-10-17,CBE,Google Play,0.4404,positive
good,5,2025-10-16,CBE,Google Play,0.4404,positive
"it's not work correctly when it's needed sometimes, but it works sometimes though",2,2025-10-16,CBE,Google Play,0.0,neutral
its easy to use and more secured than the previous one. i love it and appreciate commercial bank of ethiopia for every time update.,5,2025-10-16,CBE,Google Play,0.9152,positive
gooof,5,2025-10-16,CBE,Google Play,0.0,neutral
"Suddenly the cbe application I was using stopped working and called callcenter, I was told it's because it expired and I should vist any branch to fix it. So I went to CBE Silassie branch.After filling a form they gave me, I sat down and waited until they finish fixing 2 customer's case who arrived before me. But then when it was my turn ppl who came after me with same mobile banking and even Atm card cases were finishing up and leaving I had to get back to my work so I left.with no service.why?",1,2025-10-16,CBE,Google Play,-0.5672,negative
Best app,5,2025-10-16,CBE,Google Play,0.6369,positive
best,5,2025-10-15,CBE,Google Play,0.6369,positive
still not perfect like before,1,2025-10-15,CBE,Google Play,-0.6259,negative
This app dash board is disturbing me. it is not showing me traxation and my balance while displaying others option on dashboard. I think it is a risk full app😭😭😭🤤🤤,1,2025-10-15,CBE,Google Play,-0.6597,negative
APPLIED,1,2025-10-14,CBE,Google Play,0.0,neutral
10 years ago,4,2025-10-14,CBE,Google Play,0.0,neutral
Asefa Obsa,5,2025-10-14,CBE,Google Play,0.0,neutral
best app,4,2025-10-14,CBE,Google Play,0.6369,positive
it's good app,5,2025-10-14,CBE,Google Play,0.4404,positive
very slow,1,2025-10-14,CBE,Google Play,0.0,neutral
berhan deriba wami,4,2025-10-14,CBE,Google Play,0.0,neutral
good,5,2025-10-13,CBE,Google Play,0.4404,positive
mahamad Usman,5,2025-10-13,CBE,Google Play,0.0,neutral
Erako,5,2025-10-13,CBE,Google Play,0.0,neutral
🔥🔥🔥🔥🔥,5,2025-10-13,CBE,Google Play,0.0,neutral
opne,5,2025-10-13,CBE,Google Play,0.0,neutral
mehommd nuri,5,2025-10-13,CBE,Google Play,0.0,neutral
Best,5,2025-10-12,CBE,Google Play,0.6369,positive
good,5,2025-10-12,CBE,Google Play,0.4404,positive
providing very secure service.,5,2025-10-12,CBE,Google Play,0.4005,positive
good,5,2025-10-12,CBE,Google Play,0.4404,positive
apk አሪፍ ነው ግን በጣም apkwun የሚከፍቱ የ ባንክ ሰራተኞች በጣም ደካማ ናቸው ሲያስተናግዱ ለ ደንበኛ ክብር የላቸውም እኔ መመላለስ ከጀመርኩ ቆየው ግን መፍትህ ላገኝ አልችልኩም ::,1,2025-10-12,CBE,Google Play,0.0,neutral
ዳር ኑሮ ላለው ኣፍሪቻን ው,5,2025-10-12,CBE,Google Play,0.0,neutral
RIYAD Mohammed Abaoli 92 527 2567,5,2025-10-12,CBE,Google Play,0.0,neutral
it doesn't show bank statement and no options to see transactions for the past months.,2,2025-10-12,CBE,Google Play,-0.296,negative
Mamma Husen,2,2025-10-11,CBE,Google Play,0.0,neutral
ok,5,2025-10-11,CBE,Google Play,0.296,positive
3 stars because I can't see all my transaction history apart from the recents and a refresh button has been removed from the Recents activity. The app should allow clients to view all of the transactions not just recents.,3,2025-10-11,CBE,Google Play,0.2263,positive
good,5,2025-10-10,CBE,Google Play,0.4404,positive
exceptional application from others bank,5,2025-10-10,CBE,Google Play,0.0,neutral
"it is very nice. but i have a serious suggestion when you send to other cbe birr customer, it does not show the name of the recipient befor it actually send the money. please improve this",4,2025-10-10,CBE,Google Play,0.8124,positive
good👍👍👍😊😊😊,5,2025-10-10,CBE,Google Play,0.0,neutral
really good app,5,2025-10-10,CBE,Google Play,0.4927,positive
smart bank CBE,5,2025-10-10,CBE,Google Play,0.4019,positive
Ali urgesa11,3,2025-10-09,CBE,Google Play,0.0,neutral
it's good,5,2025-10-09,CBE,Google Play,0.4404,positive
Good apps,5,2025-10-09,CBE,Google Play,0.4404,positive
good,5,2025-10-09,CBE,Google Play,0.4404,positive
password በጣት አሻራ ቢኖረው መልካም ነበር,4,2025-10-09,CBE,Google Play,0.0,neutral
good,5,2025-10-09,CBE,Google Play,0.4404,positive
best app i ever seen,5,2025-10-09,CBE,Google Play,0.6369,positive
it's game changing in financial system,4,2025-10-09,CBE,Google Play,0.0,neutral
"z,MKT 20_._!8+⅓⅕😘r",1,2025-10-09,CBE,Google Play,0.0,neutral
will good updating,5,2025-10-09,CBE,Google Play,0.4404,positive
"service charge , vat, fee everything here is not yours they wanna take what you have, everything is not fair",1,2025-10-08,CBE,Google Play,-0.2411,negative
why removing screenshot feature why?,2,2025-10-08,CBE,Google Play,0.0,neutral
very good application! thank you all who participate!,5,2025-10-08,CBE,Google Play,0.7608,positive
application bank commercial Ethiopia I am very happy to be able to appear in a great job on a pleasant job,5,2025-10-08,CBE,Google Play,0.908,positive
user compatible app!,5,2025-10-08,CBE,Google Play,0.0,neutral
"I am trying to access this app on my Android phone, but sometimes doesn't work. so kindly try to improve it.",3,2025-10-07,CBE,Google Play,0.8891,positive
what an amazing app. you know how much it simplify life. Thanks cbe. I proud of you.,5,2025-10-07,CBE,Google Play,0.8689,positive
Our Commercial Bank of Ethiopia is Good !,5,2025-10-06,CBE,Google Play,0.4926,positive
Asledin Ibsa,5,2025-10-06,CBE,Google Play,0.0,neutral
terrible when showing history of transaction it shows in disorganised way,3,2025-10-05,CBE,Google Play,-0.4767,negative
my bank,5,2025-10-05,CBE,Google Play,0.0,neutral
Data,5,2025-10-04,CBE,Google Play,0.0,neutral
"lately I am facing a problem with the app ,and the problem is when log in and inter my pin it doesn't work at all and says 'can't sync' why does it say that I was working fine a few day ago and also it says when I enter my pin 'change your pin to 6 digit pin and it doesn't allow me to change it please solve what is the problem with the app ?",2,2025-10-04,CBE,Google Play,-0.5948,negative
excellent app with lots of features,5,2025-10-04,CBE,Google Play,0.5719,positive
very good 👍 mobile banking,5,2025-10-04,CBE,Google Play,0.4927,positive
so special,5,2025-10-04,CBE,Google Play,0.4576,positive
wiiy ewdihiliw esimirt niho yitnehew metgeyot ❤💞🤔😴🤩😍,1,2025-10-03,CBE,Google Play,0.0,neutral
woow cbe,5,2025-10-03,CBE,Google Play,0.0,neutral
cbe the best bank app,4,2025-10-03,CBE,Google Play,0.6369,positive
This App CBE bank it's Simple and Smart I Like it.,5,2025-10-03,CBE,Google Play,0.6369,positive
Rijalufaris,5,2025-10-02,CBE,Google Play,0.0,neutral
its Best app But i hate the Repeatedly update request,5,2025-10-02,CBE,Google Play,-0.5346,negative
good app,5,2025-10-02,CBE,Google Play,0.4404,positive
imoo,3,2025-10-02,CBE,Google Play,0.0,neutral
"it was good since it become a robber the vat ,tax,service charge,unbelievable charge to send to other bank, monthly charge,etc i hope one international bank comes and we all leave this bank. enough is enough",1,2025-10-02,CBE,Google Play,0.25,positive
screen shoot always not allowed why?,5,2025-10-02,CBE,Google Play,-0.34,negative
enkorabetalen,5,2025-10-01,CBE,Google Play,0.0,neutral
good,5,2025-10-01,CBE,Google Play,0.4404,positive
Gamada mahamadi,1,2025-10-01,CBE,Google Play,0.0,neutral
it is very good banking web but its network is sometimes busy i hope they willfix the problem,4,2025-09-30,CBE,Google Play,0.3392,positive
verfcasencod,5,2025-09-30,CBE,Google Play,0.0,neutral
you can't get your own transaction history,1,2025-09-29,CBE,Google Play,0.0,neutral
sintu,5,2025-09-29,CBE,Google Play,0.0,neutral
BEST,5,2025-09-28,CBE,Google Play,0.6369,positive
Bank of Ethiopia,5,2025-09-28,CBE,Google Play,0.0,neutral
"All most Good, but need improvement",5,2025-09-27,CBE,Google Play,0.7267,positive
"Great application for me,So I would like to rate with Solid 5 star.That It works well overall. So hello everyone enjoy the apps",5,2025-09-27,CBE,Google Play,0.9147,positive
poor app all of you guys delete CBE and download BOA,1,2025-09-27,CBE,Google Play,-0.4767,negative
niceapp,5,2025-09-27,CBE,Google Play,0.0,neutral
good,5,2025-09-26,CBE,Google Play,0.4404,positive
good,5,2025-09-25,CBE,Google Play,0.4404,positive
good,5,2025-09-25,CBE,Google Play,0.4404,positive
the best app of all,5,2025-09-25,CBE,Google Play,0.6369,positive
❤️,5,2025-09-25,CBE,Google Play,0.0,neutral
"Most of the time when I try to open the app, it does not load. The circle keeps spinning as if it is trying to open, and get a message saying "" 2 attempts left for offline login"". This seems to mean that the app cannot connect to the internet, even though I have a stable internet connection, and all other stuff work properly.",2,2025-09-24,CBE,Google Play,0.1779,positive
Juhaar,5,2025-09-24,CBE,Google Play,0.0,neutral
I am using CBE app very fantastic.,5,2025-09-24,CBE,Google Play,0.5984,positive
bist app tankyou,4,2025-09-23,CBE,Google Play,0.0,neutral
this is very useful and consistent app,5,2025-09-23,CBE,Google Play,0.4927,positive
"this application provides timely service in a good, fast and reliable manner.",5,2025-09-23,CBE,Google Play,0.4404,positive
So good,5,2025-09-23,CBE,Google Play,0.4927,positive
it will be more better if the app have the feature receipt verifying from QR CODE SCREENSHOT IMAGES FROM gallery ... currently IT WORKS ONLY FROM DIRECT CAMERA CAPTURING,4,2025-09-23,CBE,Google Play,0.4927,positive
"From the UX perspective it can be better, it's old and it's not obvious where you can find some things",3,2025-09-22,CBE,Google Play,0.4404,positive
It is amazing app but it is more better if it is possible to transfer from account to other telebirr,5,2025-09-22,CBE,Google Play,0.771,positive
"The app was great while it was active. However, after the app did an update, I lost connection with a message ""Network Error"". Please try to fix it as there are many clients of CBE using this app globally from abroad countries.",3,2025-09-21,CBE,Google Play,0.7783,positive
very important app,4,2025-09-21,CBE,Google Play,0.2716,positive
the best of all mobile banking in Ethiopia works perfectly fine,5,2025-09-21,CBE,Google Play,0.8807,positive
ok,5,2025-09-21,CBE,Google Play,0.296,positive
DANTRO BAND!!!,5,2025-09-21,CBE,Google Play,0.0,neutral
some time when make transfer from Mobile account to other cbebirr wallet no show customer name so please check it......thanks my cbe.. cbebirr application very nice application wallet,5,2025-09-20,CBE,Google Play,0.5973,positive
this app is very useful but sometimes when you want to see specific transactions it didn't work so that way i gave 3,3,2025-09-20,CBE,Google Play,0.3708,positive
why i must visit the branch i opened my account to activate the mobile banking services? if it a connected network it maybe done from any branch.,1,2025-09-20,CBE,Google Play,0.0,neutral
አሪፍ ነው አሁን ደግሞ እስክሪን ሹት ማረግ በመቻሌ ደግብሎኛል,5,2025-09-20,CBE,Google Play,0.0,neutral
asfaw damse,5,2025-09-19,CBE,Google Play,0.0,neutral
ok,5,2025-09-19,CBE,Google Play,0.296,positive
nice,5,2025-09-19,CBE,Google Play,0.4215,positive
jabadhaa namatii tolataan,5,2025-09-19,CBE,Google Play,0.0,neutral
"The App is very good in its interface and user friendly. But it could be a pro app had it had additional feature that let us run multiple accounts on a single phone with an option of ""additional"" account!",3,2025-09-19,CBE,Google Play,0.5406,positive
The app is user friendly. But i want some amendment or include option of sending money to other tele birr like other cbe birr.,4,2025-09-18,CBE,Google Play,0.7003,positive
Truly amazing!,5,2025-09-18,CBE,Google Play,0.7901,positive
Doesn't have option to generate statement for transactions,3,2025-09-18,CBE,Google Play,0.0,neutral
😎,5,2025-09-18,CBE,Google Play,0.0,neutral
JanaleBl,5,2025-09-17,CBE,Google Play,0.0,neutral
very good,5,2025-09-17,CBE,Google Play,0.4927,positive
very good,5,2025-09-17,CBE,Google Play,0.4927,positive
nice application,5,2025-09-17,CBE,Google Play,0.4215,positive
WaaaaaaaW,1,2025-09-17,CBE,Google Play,0.0,neutral
very nice,5,2025-09-16,CBE,Google Play,0.4754,positive
Of,5,2025-09-16,CBE,Google Play,0.0,neutral
it's best app to use recently and upgraded day to day for internationalization,4,2025-09-16,CBE,Google Play,0.6369,positive
Easy to use and not Complicated 👍,5,2025-09-15,CBE,Google Play,0.4404,positive
apdat the app,5,2025-09-14,CBE,Google Play,0.0,neutral
good in bankin at any time & any where.,5,2025-09-13,CBE,Google Play,0.4404,positive
great,5,2025-09-13,CBE,Google Play,0.6249,positive
"WHAT A USELESS APP! Transfers, wallet payments, other banks — nothing works. Updated, restarted, cleared cache, reinstalled — still useless. Crashed and forced me to visit a branch just to log in 3 times. One of the biggest banks in the country can’t fix issues a junior developer could solve. Completely unreliable. Big bank , Zero functionality!",1,2025-09-13,CBE,Google Play,-0.8279,negative
it is best to me,1,2025-09-13,CBE,Google Play,0.6369,positive
hayizgi mebrahtom feshay,5,2025-09-13,CBE,Google Play,0.0,neutral
best,5,2025-09-13,CBE,Google Play,0.6369,positive
good,5,2025-09-12,CBE,Google Play,0.4404,positive
great,5,2025-09-12,CBE,Google Play,0.6249,positive
Excellent app,5,2025-09-12,CBE,Google Play,0.5719,positive
good,5,2025-09-12,CBE,Google Play,0.4404,positive
after apdate the app doesn't work any thing else it said enable to connects,1,2025-09-12,CBE,Google Play,0.0,neutral
love,5,2025-09-12,CBE,Google Play,0.6369,positive
good,3,2025-09-11,CBE,Google Play,0.4404,positive
Hasasa bank,1,2025-09-11,CBE,Google Play,0.0,neutral
All ways Trusted.,5,2025-09-11,CBE,Google Play,0.4767,positive
best MB application in Ethiopia financial sector.,5,2025-09-11,CBE,Google Play,0.6369,positive
I like this app,5,2025-09-11,CBE,Google Play,0.3612,positive
am tired why I have to update every 5 day,1,2025-09-11,CBE,Google Play,-0.4404,negative
excellent,5,2025-09-10,CBE,Google Play,0.5719,positive
best,5,2025-09-10,CBE,Google Play,0.6369,positive
usb debugig mode bicha off endidereg axrigu like awash bank,1,2025-09-10,CBE,Google Play,0.3612,positive
good morning 🙏,5,2025-09-10,CBE,Google Play,0.4404,positive
nice,5,2025-09-09,CBE,Google Play,0.4215,positive
am happy 😃,5,2025-09-09,CBE,Google Play,0.5719,positive
good,5,2025-09-09,CBE,Google Play,0.4404,positive
wowww,5,2025-09-08,CBE,Google Play,0.0,neutral
KEHRU nasir AbFIXA,5,2025-09-08,CBE,Google Play,0.0,neutral
It is well organized.,5,2025-09-08,CBE,Google Play,0.2732,positive
Can't see the nearest Branch or ATM available,2,2025-09-08,CBE,Google Play,0.0,neutral
excellent,5,2025-09-08,CBE,Google Play,0.5719,positive
very good,5,2025-09-07,CBE,Google Play,0.4927,positive
the app does not open,1,2025-09-07,CBE,Google Play,0.0,neutral
from Monk,3,2025-09-06,CBE,Google Play,0.0,neutral
"Amazing, Delightful and Seamless Mobile Banking Application, I have ever Experienced!! Indeed, I feel Great Proud to be part of your Stakeholder! My First Choice Bank, Commercial Bank of Ethiopia, The Pioneer and Leading in Digital Banking Services in Ethiopia! Five stars ⭐⭐⭐⭐⭐ are little to you! Thank you so much🙏",5,2025-09-06,CBE,Google Play,0.9596,positive
incredible,5,2025-09-06,CBE,Google Play,0.0,neutral
good,5,2025-09-06,CBE,Google Play,0.4404,positive
የዚህ አፕ ተጠቃሚ ነበርኩ ያለሁት ከሀገር ውጭ ነው እና እየተጠቀምኩበት ሳለ አብደት አድርጊ አለኝ ሳረገው ፓስወርድ እንዴ አድስ ጠየቀኝ እንዴው እኔ አለሁበት ሀገር ሆኘ መስተካከል ከቻለ ተባበሩኝ በጣም አስፈላጊዬ ነው ::,5,2025-09-06,CBE,Google Play,0.0,neutral
it's the best money transfer app ever,5,2025-09-06,CBE,Google Play,0.6369,positive
it is nice,5,2025-09-05,CBE,Google Play,0.4215,positive
user friendly. best.,5,2025-09-05,CBE,Google Play,0.8126,positive
🙏,5,2025-09-05,CBE,Google Play,0.0,neutral
አሪፍ,5,2025-09-05,CBE,Google Play,0.0,neutral
best app!!!,5,2025-09-05,CBE,Google Play,0.7249,positive
"It is good app and really user friendly , but it not possible to start service after the app is uninstalled or device phone is changed. So please make it easy for us, after once you set us the requirements in your office we should have to use it only by install and launch it. We do not have to visit the near by branch office every time for such silly businesses but important things. in addition to that why is that for hidding senders name or account number How can I know who tranfers to me???",4,2025-09-05,CBE,Google Play,0.9296,positive
very good app,5,2025-09-05,CBE,Google Play,0.4927,positive
best,5,2025-09-05,CBE,Google Play,0.6369,positive
jabirabdala,5,2025-09-04,CBE,Google Play,0.0,neutral
unfair cost of transportations... what a shame!!!,1,2025-09-04,CBE,Google Play,-0.795,negative
"I think it is a good app to use easily. However, I have one more comment: the app does not automatically sync or update the balance in real time. Please review this issue. For example, when someone transfers money, the receiver's app does not sync automatically. It requires the user to manually initiate an update to see the current balance.",4,2025-09-04,CBE,Google Play,0.765,positive
WAW!!! I AM PROUD!!! MY STRONG BANK WORKS AT BEST EVEN IN A REMOTE LOCATION HERE IN MALABO (ECUATORIAL GUINEA). MEWOLID MUBARAK CBE!!!,5,2025-09-04,CBE,Google Play,0.9147,positive
zinaa Ahmed,5,2025-09-04,CBE,Google Play,0.0,neutral
absolutely excellent,5,2025-09-04,CBE,Google Play,0.6115,positive
nice,4,2025-09-03,CBE,Google Play,0.4215,positive
Good,5,2025-09-03,CBE,Google Play,0.4404,positive
amazing app,5,2025-09-03,CBE,Google Play,0.5859,positive
perfect and easy,5,2025-09-03,CBE,Google Play,0.765,positive
fastest,5,2025-09-03,CBE,Google Play,0.0,neutral
good,5,2025-09-03,CBE,Google Play,0.4404,positive
My account is not working,4,2025-09-03,CBE,Google Play,0.0,neutral
The recent update is not optimized fir latest version of android,2,2025-09-02,CBE,Google Play,-0.357,negative
topp,5,2025-09-02,CBE,Google Play,0.0,neutral
very good,5,2025-09-01,CBE,Google Play,0.4927,positive
I appreciate it,5,2025-09-01,CBE,Google Play,0.4019,positive
v.good app,5,2025-09-01,CBE,Google Play,0.0,neutral
Nice,4,2025-08-31,CBE,Google Play,0.4215,positive
sahib amin jamal,1,2025-08-31,CBE,Google Play,0.0,neutral
installi,5,2025-08-31,CBE,Google Play,0.0,neutral
good,5,2025-08-30,CBE,Google Play,0.4404,positive
very good apps,5,2025-08-30,CBE,Google Play,0.4927,positive
👍👍👍👍,1,2025-08-30,CBE,Google Play,0.0,neutral
the app say it is not compatible with ur phone can u fix it it is not updating.,1,2025-08-30,CBE,Google Play,0.0,neutral
"I would like to give you some feedback on Current update, its very nice and easy to use👍 but in some button there is still not improved For example while iwant to check my recent Txn it not well sequenced and arranged or some txn may not appear ... becouse of this i see many of users of this app discomferted maily merchants and those make High txn daily. improve and miximize the txn shown to 300 up to 500. make Searchable Recent txn button! All in all the bank i Relly on! CBE my bank !",5,2025-08-29,CBE,Google Play,0.619,positive
tinishu titiba,5,2025-08-29,CBE,Google Play,0.0,neutral
"essy to use ,has great interface and user-friendly g",5,2025-08-29,CBE,Google Play,0.6249,positive
Yuuuuu,5,2025-08-29,CBE,Google Play,0.0,neutral
I found it very much friendly,5,2025-08-29,CBE,Google Play,0.539,positive
"Very useful app, while we use CBE.",5,2025-08-28,CBE,Google Play,0.4927,positive
woooow,5,2025-08-28,CBE,Google Play,0.0,neutral
Redmi,1,2025-08-28,CBE,Google Play,0.0,neutral
አርፍ ነው ነገር ግን ሴብ ያረገውን አካውንት እያጠፋብን ነው,5,2025-08-28,CBE,Google Play,0.0,neutral
kamil aweil,5,2025-08-28,CBE,Google Play,0.0,neutral
nice,3,2025-08-28,CBE,Google Play,0.4215,positive
In your next update can you come with night mode future,5,2025-08-27,CBE,Google Play,0.0,neutral
"Truly, super competitive when compared to a well known app nowadays functioning broadly by simplest features and means namely known as Telebirr super app, Thus, CBE is my top ultimate choice that I prefer over the other bank due to its beautiful power of lead as a result I could recommend CBE to others because of its service provision via ethical principles and practice for customers satisfaction with existence of constraints and challenges face from burglary and froudalent hacker. Thank you !",5,2025-08-27,CBE,Google Play,0.9834,positive
mayreba app you its better if you use other banks,1,2025-08-27,CBE,Google Play,0.4404,positive
Not Prefect Transfer To Other Bank The Mony Not Deliverd Imidetliy Take Three Or Five Days,1,2025-08-27,CBE,Google Play,0.0,neutral
good app,5,2025-08-27,CBE,Google Play,0.4404,positive
let us know before you shut down the app,4,2025-08-27,CBE,Google Play,0.0,neutral
excited,5,2025-08-27,CBE,Google Play,0.34,positive
amizing,5,2025-08-26,CBE,Google Play,0.0,neutral
love it,5,2025-08-26,CBE,Google Play,0.6369,positive
yes it is v good,5,2025-08-26,CBE,Google Play,0.6808,positive
A great update in the Mobile Banking Application. Thanks for the System and customization department,5,2025-08-26,CBE,Google Play,0.7906,positive
this app is smart.,5,2025-08-26,CBE,Google Play,0.4019,positive
I am happy,5,2025-08-26,CBE,Google Play,0.5719,positive
good,5,2025-08-26,CBE,Google Play,0.4404,positive
Still I have not face critical problems sometimes delay to open,4,2025-08-26,CBE,Google Play,0.2311,positive
excellent,5,2025-08-26,CBE,Google Play,0.5719,positive
ጤና ከድረ,5,2025-08-25,CBE,Google Play,0.0,neutral
The connection between bank and the app is lag relationship this must be corrected.,4,2025-08-25,CBE,Google Play,-0.34,negative
I have forgotten mobail banking password,5,2025-08-25,CBE,Google Play,-0.2263,negative
nice app,5,2025-08-25,CBE,Google Play,0.4215,positive
Thank you,5,2025-08-25,CBE,Google Play,0.3612,positive
muktaar Abraahim,5,2025-08-25,CBE,Google Play,0.0,neutral
🤞Good One,5,2025-08-24,CBE,Google Play,0.0,neutral
why does it say change pin to 6 digits is that right?,4,2025-08-24,CBE,Google Play,0.0,neutral
One of the worst mobile banking apps in Ethiopia. You can't access your txn record for more than 2 weeks.,1,2025-08-24,CBE,Google Play,-0.6249,negative
i like it and aprshat.,4,2025-08-23,CBE,Google Play,0.3612,positive
good,4,2025-08-23,CBE,Google Play,0.4404,positive
"The app has some issues I updated recently and now I am not able to send funds to my telebirr wallet, also we need to have a place we save our contacts where we usually send money to, after update I keep loosing all the important accounts.",4,2025-08-23,CBE,Google Play,0.6124,positive
best app and easy to use,5,2025-08-23,CBE,Google Play,0.7964,positive
doesn't work unless with data doesn't refresh fast other wise functions ok but after the update transferring to telebirr is not working,2,2025-08-23,CBE,Google Play,0.3919,positive
List of transactions can't load over months and years..,1,2025-08-23,CBE,Google Play,0.0,neutral
transferring money to telebirr is not working,1,2025-08-23,CBE,Google Play,0.0,neutral
I don't Like this app and there service fee is highl,5,2025-08-23,CBE,Google Play,-0.2755,negative
አዲሱ Update ጥሩ አይደለም. Update ካደረግኩት በኋላ ከዚህ በፊት ስላላክባቸው የነበሩትን Save አድርጎ ይዞት የነበረውን ሁሉንም የሰዎች አካውንቶች አጥፍቶብኛል.,2,2025-08-23,CBE,Google Play,0.4939,positive
good,5,2025-08-23,CBE,Google Play,0.4404,positive
this application do not show over all transaction history,3,2025-08-23,CBE,Google Play,0.0,neutral
this app is very nice but statment history is very shiort atlist add 15 days,4,2025-08-23,CBE,Google Play,0.2609,positive
"This app stooped working after i updated it. It says change password and i did, but it doesn't open with the new password. I don't like it.",1,2025-08-23,CBE,Google Play,-0.395,negative
best and secured application,5,2025-08-23,CBE,Google Play,0.7845,positive
This application is excellent .,5,2025-08-22,CBE,Google Play,0.5719,positive
"The new update is very bugged. can't view the names of account holders I previously had transactions with, and more recently, its almost impossible to load money to telebirr, always says unable to connect...please fix asap",1,2025-08-22,CBE,Google Play,0.0,neutral
very good,5,2025-08-22,CBE,Google Play,0.4927,positive
Thise App is Great,5,2025-08-22,CBE,Google Play,0.6249,positive
አፕሊኬሽኑን አብዴት ካደረኩት በኋላ የሚስጥር ቁጥር አጭር ስለሆነ ቀይር ብሎኝ ለሶስት ቀናት ብሞክር unable to connect the server ከማለቱም በላይ አፕሊካሽኑ እየሰራልኝ አይደለም🙏🙏,1,2025-08-22,CBE,Google Play,0.0,neutral
"I love this app. really, but with some downsides too. Screenshot is mandatory after every transaction as to me, I need screenshots not downloaded recipient. It would be even better if transaction history is available via this app for months that we can access directly or via calender ways. Thanks.",4,2025-08-22,CBE,Google Play,0.8945,positive
👍,5,2025-08-22,CBE,Google Play,0.0,neutral
it is good app,5,2025-08-22,CBE,Google Play,0.4404,positive
very good,5,2025-08-22,CBE,Google Play,0.4927,positive
good and always try to make new updats 🙏👍,5,2025-08-22,CBE,Google Play,0.4404,positive
"I use the Commercial Bank of Ethiopia mobile app, and it’s fantastic! The interface is user-friendly, making it easy to check balances and transfer money. I love the bill payment feature, and the security measures give me peace of mind. Overall, it’s a reliable app that has simplified my banking experience. Highly recommend!",5,2025-08-22,CBE,Google Play,0.9637,positive
i don' want,5,2025-08-22,CBE,Google Play,0.0772,positive
"it's very nice simple and convenient app! but I have only one comment on double verifications after the finger prints. even thought its good for makin' it more secure, Its not neccessary to double verify after the finger print verification. no need to verify by pin again. thank you!",5,2025-08-22,CBE,Google Play,0.8878,positive
one of the best,5,2025-08-22,CBE,Google Play,0.6369,positive
"why is it every time the app is updated history of previous account numbers keeps missing , WHY??",1,2025-08-21,CBE,Google Play,-0.3736,negative
You guys charge way to much when we transfer money from CBE to Telebirr via this app,3,2025-08-21,CBE,Google Play,0.0,neutral
good,5,2025-08-21,CBE,Google Play,0.4404,positive
not bad apk,1,2025-08-21,CBE,Google Play,0.431,positive
ok,5,2025-08-21,CBE,Google Play,0.296,positive
yes these app is so good for our saving and marketing system go ETHIOPIA GO!!!,5,2025-08-21,CBE,Google Play,0.8083,positive
best mobile banking App that have seen .,5,2025-08-21,CBE,Google Play,0.6369,positive
It's very helpful apps,5,2025-08-21,CBE,Google Play,0.4754,positive
Every major update means you have to go back to Ethiopia to make the app work. In 2025?,2,2025-08-21,CBE,Google Play,0.0,neutral
"Unable to connect, pls. Improve the system",5,2025-08-20,CBE,Google Play,0.4939,positive
well app,5,2025-08-20,CBE,Google Play,0.2732,positive
"Smart service But, your service charge is too high",5,2025-08-20,CBE,Google Play,0.2144,positive
perfect 👌 keep,5,2025-08-20,CBE,Google Play,0.5719,positive
"እባካችሁ አፑ ጥሩ ነው ነገር ግን በፈለግነው ጊዜና ሰአት መጠቀም አልቻልንም ኔትዎርክ እያለ እንኳ እያስጠቀመን አይደለም""""",2,2025-08-20,CBE,Google Play,0.0,neutral
ok,5,2025-08-20,CBE,Google Play,0.296,positive
nice app,5,2025-08-20,CBE,Google Play,0.4215,positive
excellent plus,5,2025-08-20,CBE,Google Play,0.5719,positive
Would be great if it displays service fees before proceeding with transaction.,4,2025-08-20,CBE,Google Play,0.6249,positive
so disappointing :((,1,2025-08-20,CBE,Google Play,-0.5413,negative
what nice app i never usedyet,4,2025-08-20,CBE,Google Play,0.4215,positive
Excellent,5,2025-08-20,CBE,Google Play,0.5719,positive
ke gizew ga emihed astemamagn metegberya,1,2025-08-20,CBE,Google Play,0.0,neutral
"this app is pretty good. The recent one was the nicest. however after the update, it restricts me from taking a screenshot. i would be happy if you remove screenshots restriction policy from this app. why I gave it five stars was because of the past performances of this app. keep in mind to remove the screenshot restriction policy from this app. and also it has no self authorizations. once uninstalled it needs extra sim cards and wants to visit nearby banks in person.",5,2025-08-20,CBE,Google Play,0.743,positive
Send money for some account but don't reserved Ball,5,2025-08-20,CBE,Google Play,0.0,neutral
very good🙏🙏,5,2025-08-19,CBE,Google Play,0.0,neutral
good,1,2025-08-19,CBE,Google Play,0.4404,positive
good,5,2025-08-19,CBE,Google Play,0.4404,positive
I recognized thank you,5,2025-08-19,CBE,Google Play,0.3612,positive
Best feature!!,5,2025-08-19,CBE,Google Play,0.6988,positive
the saved account totally removed ..why????????,1,2025-08-19,CBE,Google Play,0.5803,positive
good bank Ethiopian very nic,5,2025-08-18,CBE,Google Play,0.4404,positive
this good app but screenshot must enable,4,2025-08-18,CBE,Google Play,0.2382,positive
በፊት ብር ትራንስፈር የተደረገባቸዉን አካዉንቶች remove አርጓል የሚያናድድ update ነው ::,1,2025-08-18,CBE,Google Play,0.0,neutral
Good,4,2025-08-18,CBE,Google Play,0.4404,positive
Best app,5,2025-08-18,CBE,Google Play,0.6369,positive
change mobile banking CBE,5,2025-08-18,CBE,Google Play,0.0,neutral
The process of updating is not functioning easily. Installing is easy than updating. Screenshot should not be prevented. it is an instant evidence needed for some transactions.,2,2025-08-18,CBE,Google Play,0.1999,positive
Adisi Deti,5,2025-08-17,CBE,Google Play,0.0,neutral
good,5,2025-08-17,CBE,Google Play,0.4404,positive
this app is the good apps,5,2025-08-17,CBE,Google Play,0.4404,positive
አሪፋ ነዉ ነገር ግን Recent Transaction በጣም የቆየዉን ነዉ የሚያሳይ Evene refresh ሁሉ ሲደረግ ትክክለኛ የቅርብ Transaction አያሳይም። Please አስተካክሉት,2,2025-08-15,CBE,Google Play,0.3182,positive
congra ethio,5,2025-08-15,CBE,Google Play,0.0,neutral
እንዲሁ ነው የሰተኋችሁ ለሞራል,5,2025-08-15,CBE,Google Play,0.0,neutral
nice,3,2025-08-14,CBE,Google Play,0.4215,positive
I don't think it is compatible with the new android version 16 it fails to open. Please update it or find a solution.,1,2025-08-14,CBE,Google Play,0.2023,positive
"ohhhh🤦 you must upgrade transferring problem. most of time, when transfer from CBE mobile banking to tele birr account, always suspending for 3 to 5 days 🤔. please try to fix it 🙏",2,2025-08-14,CBE,Google Play,-0.1027,negative
this APK Best for most of people,5,2025-08-13,CBE,Google Play,0.6369,positive
good keep it up,5,2025-08-13,CBE,Google Play,0.4404,positive
very nice app,5,2025-08-12,CBE,Google Play,0.4754,positive
Most of the time either the app or *889# don't work,2,2025-08-12,CBE,Google Play,0.0,neutral
cbe. noor,2,2025-08-12,CBE,Google Play,0.0,neutral
why this app is logging in while your device is not connected to internet ... is it appropriate ?... and it isnt exposed to hucking or malicious activity?,1,2025-08-12,CBE,Google Play,0.1486,positive
nice,5,2025-08-12,CBE,Google Play,0.4215,positive
በጣም አሪፍ ነው በርቱልን,5,2025-08-12,CBE,Google Play,0.0,neutral
this is so good,5,2025-08-11,CBE,Google Play,0.5777,positive
very good,5,2025-08-11,CBE,Google Play,0.4927,positive
❤❤❤❤❤😂,5,2025-08-10,CBE,Google Play,0.0,neutral
Very interesting 🤔,5,2025-08-10,CBE,Google Play,0.4576,positive
very good app 👍👍👍 time saving and more accurate,5,2025-08-09,CBE,Google Play,0.4927,positive
"i like your app to order ATM card through it, i get it new on your app",5,2025-08-09,CBE,Google Play,0.3612,positive
very bad app,1,2025-08-09,CBE,Google Play,-0.5849,negative
good 👍,5,2025-08-09,CBE,Google Play,0.4404,positive
good,5,2025-08-09,CBE,Google Play,0.4404,positive
very nice app,5,2025-08-09,CBE,Google Play,0.4754,positive
good app,5,2025-08-09,CBE,Google Play,0.4404,positive
it is the best transferring AP,5,2025-08-08,CBE,Google Play,0.6369,positive
it's good but add some more please,3,2025-08-08,CBE,Google Play,0.653,positive
best servis app,4,2025-08-07,CBE,Google Play,0.6369,positive
very useful to use it from any where in the world !,5,2025-08-07,CBE,Google Play,0.54,positive
ok,5,2025-08-07,CBE,Google Play,0.296,positive
it very good but why block the screen shoot,5,2025-08-07,CBE,Google Play,-0.7053,negative
Good app,5,2025-08-07,CBE,Google Play,0.4404,positive
"the most disgusting app,",1,2025-08-07,CBE,Google Play,-0.5709,negative
ብዙ የሚቀሩ ነገሮ አሉ ለምሳሌ አንድ ሰው ወደ ቴሌ ብር ሲልክ ግዴታ አካካውንት የከፈተበት ስልክ መሆን አይጠበቅበትም እና ሲስተሙ የበለጠ አዘምኑት ሰው ባንክ ሲመጣ የፈጠነ ማስተናገድ ወደ ቅርንጫፍ ሲመጣ እዛም አካውንት እዚም አካውንት መከፈት የለበትም እንዲ ሲሆን ደንበኛ ይሸሻል ሌላው ደሞ የሰራተኞቹን ልብስ ቀይሩት እውነት ለመናገር ቀቤር አስፈፃሚ ነው ሚመስሉት የቀረውን እናንተ መርምራቹ አስተካክሉት አመሰግናለሁ,3,2025-08-07,CBE,Google Play,0.0,neutral
👍,5,2025-08-07,CBE,Google Play,0.0,neutral
good app,4,2025-08-06,CBE,Google Play,0.4404,positive
"unexpected anomalies, unreliable as fintec app",2,2025-08-05,CBE,Google Play,0.0,neutral
best one,5,2025-08-05,CBE,Google Play,0.6369,positive
awesome,5,2025-08-05,CBE,Google Play,0.6249,positive
so good,5,2025-08-04,CBE,Google Play,0.4927,positive
worst experience,1,2025-08-04,CBE,Google Play,-0.6249,negative
The 1st one is CBE,5,2025-08-04,CBE,Google Play,0.0,neutral
excellent,5,2025-08-04,CBE,Google Play,0.5719,positive
nice,5,2025-08-04,CBE,Google Play,0.4215,positive
ok,1,2025-08-04,CBE,Google Play,0.296,positive
"this is the worst app that could exist on the planet, omg it literally crashes every month",1,2025-08-04,CBE,Google Play,-0.6249,negative
CBE,5,2025-08-04,CBE,Google Play,0.0,neutral
it's good app,5,2025-08-04,CBE,Google Play,0.4404,positive
ok,5,2025-08-04,CBE,Google Play,0.296,positive
Nise,5,2025-08-04,CBE,Google Play,0.0,neutral
commercial Bank 🏦,5,2025-08-04,CBE,Google Play,0.0,neutral
goood werk,5,2025-08-03,CBE,Google Play,0.0,neutral
ብዙ ጊዜ ያስቸግራል አይሰራም error now milew,5,2025-08-03,CBE,Google Play,-0.4019,negative
good jop,5,2025-11-27,BOA,Google Play,0.4404,positive
ok,5,2025-11-27,BOA,Google Play,0.296,positive
bad exprience...it is so crushed,1,2025-11-27,BOA,Google Play,-0.7973,negative
not user friendly at all it requires a huge connectivity and also lags many times 😑😑😑,1,2025-11-26,BOA,Google Play,-0.4268,negative
ምንም የማይ ሰራ,1,2025-11-26,BOA,Google Play,0.0,neutral
very good,5,2025-11-25,BOA,Google Play,0.4927,positive
most of the time is not working properly,1,2025-11-25,BOA,Google Play,0.0,neutral
good service,5,2025-11-25,BOA,Google Play,0.4404,positive
not use for me,3,2025-11-23,BOA,Google Play,0.0,neutral
It keeps notifying me to disable developer options and quiet while I'm not enabled. always bring another type of problem with new updates.,1,2025-11-22,BOA,Google Play,-0.4019,negative
waw,5,2025-11-21,BOA,Google Play,0.0,neutral
the lag is unbelievable when you need it the most this suks,1,2025-11-19,BOA,Google Play,-0.1531,negative
I cant belive I could find the worst bank app ever .yet very simple to fix the problem and the company just ignored it. no body can do business with this kind of app.,1,2025-11-18,BOA,Google Play,-0.8834,negative
it is a good app,5,2025-11-18,BOA,Google Play,0.4404,positive
it is not working at all,1,2025-11-15,BOA,Google Play,0.0,neutral
🥰🥰🥰🥰🥰 app is good but i was live in abroad and when i enter my otp code it didnt make me to write my code it the app want it self write thats not fair so please other wise i like it why,5,2025-11-15,BOA,Google Play,0.9142,positive
when trying to activate the app it keeps on loading on the security questions page. It has been two days,1,2025-11-13,BOA,Google Play,0.34,positive
fast and simple,5,2025-11-11,BOA,Google Play,0.0,neutral
best of best,5,2025-11-10,BOA,Google Play,0.8555,positive
Worest Banking App Ever I seen. Fake App Bad Better to Leave,1,2025-11-10,BOA,Google Play,-0.5994,negative
good,4,2025-11-10,BOA,Google Play,0.4404,positive
"I would like to share feedback regarding the application. It frequently experiences disruptions and does not function properly, often freezing or failing to load. This issue is affecting workflow and efficiency. Kindly review and address this problem to ensure smoother performance.",1,2025-11-08,BOA,Google Play,0.4166,positive
Meet you genuine.App I tried is not functional.Helping.welldoingwith BOA Ethiopia .fastandrelevant.morconnecting Digitalyworld.Digitalyworld. thanks.,5,2025-11-08,BOA,Google Play,0.4404,positive
best app,5,2025-11-08,BOA,Google Play,0.6369,positive
Best app,5,2025-11-07,BOA,Google Play,0.6369,positive
"Barely works, it always fails to connect",1,2025-11-07,BOA,Google Play,-0.4215,negative
my fav app,5,2025-11-07,BOA,Google Play,0.4588,positive
this app launch time is so long also has dozen bugs in addition it's has been long time get update,1,2025-11-05,BOA,Google Play,0.0,neutral
very nice,5,2025-11-04,BOA,Google Play,0.4754,positive
"Your application is very irritating to use, some functionality doesn't even work like on the card management. You need to do better than this and it good idea to reference other banking applications.",3,2025-11-04,BOA,Google Play,0.102,positive
I like,5,2025-11-02,BOA,Google Play,0.3612,positive
ወይ አሻሽሉትና እንጠቀምበት ያለያ ብታጠፉት ይሻላል። በቃ ምንም ነገር አይሰራም መተግበሪያ አለን ብላችሁ እንዳታወሩ ለማንም የማይመከር ቀርፋፋና ተግባር የለሽ መተግበሪያ,1,2025-11-01,BOA,Google Play,0.0,neutral
i m sorry but it doesn't work for my android it is too slow but other bank are very fast please update,1,2025-10-30,BOA,Google Play,0.4969,positive
"the worst app ever,",1,2025-10-30,BOA,Google Play,-0.6249,negative
better,5,2025-10-29,BOA,Google Play,0.4404,positive
"I kindly request that Bank of abyssinia address issues with its mobile app. It is very slow, has numerous problems, and frequently experiences downtime. The user experience is also poor. Thank you.",1,2025-10-28,BOA,Google Play,-0.0258,neutral
this app can't open? what is problem? please solve my problem?,1,2025-10-28,BOA,Google Play,-0.4291,negative
kiyaa makonn,5,2025-10-27,BOA,Google Play,0.0,neutral
very very lazy app,1,2025-10-26,BOA,Google Play,-0.4716,negative
telebirr remittance,5,2025-10-24,BOA,Google Play,0.0,neutral
The best bank in 🇪🇹,5,2025-10-23,BOA,Google Play,0.6369,positive
its good,5,2025-10-22,BOA,Google Play,0.4404,positive
the worst app in my financial experience.,1,2025-10-22,BOA,Google Play,-0.6249,negative
good for mb appliciation,5,2025-10-21,BOA,Google Play,0.4404,positive
the worst bank ever. slow don't accept dual sim. they are very stupid and greedy,1,2025-10-20,BOA,Google Play,-0.9107,negative
try to easy network,4,2025-10-17,BOA,Google Play,0.4404,positive
hussen hassen umer,5,2025-10-16,BOA,Google Play,0.0,neutral
"The app is not suitable and lacks a good UI design. As a large bank, you must update your app with a professional UI that is fast and appropriate.",2,2025-10-16,BOA,Google Play,0.4404,positive
an exceptional banking app.,5,2025-10-16,BOA,Google Play,0.0,neutral
alhamdulilah,5,2025-10-11,BOA,Google Play,0.0,neutral
poor,5,2025-10-11,BOA,Google Play,-0.4767,negative
Best of best,5,2025-10-09,BOA,Google Play,0.8555,positive
from the last week updates the app is not working Please check the problems,1,2025-10-08,BOA,Google Play,-0.5664,negative
It's always crushing,1,2025-10-08,BOA,Google Play,-0.3612,negative
office branches have to improve their services please,4,2025-10-07,BOA,Google Play,0.6369,positive
♥️♥️,5,2025-10-05,BOA,Google Play,0.0,neutral
Why does it keep crashing? I can't even use this. BOA should do better. You have many customers and how to deal with this. I can't send money now.,1,2025-10-05,BOA,Google Play,0.4404,positive
it needs a timely update,5,2025-10-03,BOA,Google Play,0.0,neutral
"It does not show the name of the person who sent the money to request a receipt. This has become very difficult for us. When different people transfer the same amount to me from different banks, it is very difficult to identify the account or the name of the sender.",3,2025-10-01,BOA,Google Play,-0.6794,negative
Like,5,2025-10-01,BOA,Google Play,0.3612,positive
I can't type my otp on it.,1,2025-10-01,BOA,Google Play,0.0,neutral
"most of bank apps in Ethiopia are linked with ethiopian phone number, I live in US permanently so when I open BoA account, I told them where I live and to link it with email address instead of phone # as ethio phone number is not working where I live, unfortunetly my fear appeared and now when I change my phone device, it send the code to the ethio number which is not with me now. so please when u develop bank apps consider the diaspora community to use ur apps",1,2025-10-01,BOA,Google Play,0.1757,positive
jaajja,4,2025-09-30,BOA,Google Play,0.0,neutral
I love this bank the best experience ever.,5,2025-09-28,BOA,Google Play,0.8555,positive
"Nothing has been improved, it doesn't work like the previous version.",1,2025-09-25,BOA,Google Play,-0.5667,negative
easy and fast,5,2025-09-24,BOA,Google Play,0.4404,positive
Great,5,2025-09-20,BOA,Google Play,0.6249,positive
mobile banking,5,2025-09-19,BOA,Google Play,0.0,neutral
very good,5,2025-09-18,BOA,Google Play,0.4927,positive
😎,5,2025-09-18,BOA,Google Play,0.0,neutral
"need alot of connection, chooses device, very lug even when there is connection",1,2025-09-17,BOA,Google Play,0.0,neutral
On my ios it's perfect but on android it barley works and don't transfer and after a while it crushed and totally stopped working. Please fix the issue my beloved bank of abyssinia.,1,2025-09-15,BOA,Google Play,0.5656,positive
since the last update i can open the app crashes a lot and omg its being very slow opening and loading,2,2025-09-15,BOA,Google Play,0.0,neutral
none,5,2025-09-14,BOA,Google Play,0.0,neutral
good,2,2025-09-13,BOA,Google Play,0.4404,positive
good,5,2025-09-12,BOA,Google Play,0.4404,positive
very good app i ever used,5,2025-09-12,BOA,Google Play,0.4927,positive
its nice app especially the transaction limit is extended but We face that BoA m.banking app doesn't respond at the activation stage strictly at SMSNG mobile phone. please try this to make safe.,4,2025-09-11,BOA,Google Play,0.8271,positive
zedo,5,2025-09-11,BOA,Google Play,0.0,neutral
please open my mobile app,5,2025-09-10,BOA,Google Play,0.3182,positive
it doesn't open,1,2025-09-10,BOA,Google Play,0.0,neutral
Very Good,5,2025-09-09,BOA,Google Play,0.4927,positive
masha alla,5,2025-09-08,BOA,Google Play,0.0,neutral
Best banking transaction application in Ethiopia !,5,2025-09-05,BOA,Google Play,0.6696,positive
السلام عليكم ورحمة الله وبركاته ماشاء الله تبارك الرحمن هذا التطبيق ممتاز جدا,5,2025-09-04,BOA,Google Play,0.0,neutral
tamaam kamal,1,2025-09-04,BOA,Google Play,0.0,neutral
በጣም ሐሪፍ,5,2025-09-03,BOA,Google Play,0.0,neutral
great 👍,5,2025-09-02,BOA,Google Play,0.6249,positive
goof,4,2025-09-01,BOA,Google Play,0.0,neutral
absiniya banki,5,2025-08-29,BOA,Google Play,0.0,neutral
has issue after installation and i think it doesn't work with tecno common 30,1,2025-08-26,BOA,Google Play,0.0,neutral
One of the best in this business,5,2025-08-25,BOA,Google Play,0.6369,positive
Excellent,5,2025-08-20,BOA,Google Play,0.5719,positive
besat🥰,5,2025-08-19,BOA,Google Play,0.0,neutral
unlimited experience,5,2025-08-18,BOA,Google Play,0.0,neutral
"as bank, u should at least hire someone good at their job bc this a joke nowadays I can't even log in or even transfer without it crashing if u fix the app I will update this review I am counting on u boa update: so they atleast fixed it but as suggestion can u put password when in final step of sending money it will feel more secure that way",4,2025-08-17,BOA,Google Play,0.7383,positive
very nice mobile banking app my favourite,5,2025-08-16,BOA,Google Play,0.4754,positive
"it almost never boots up!!! and even if it did, it crashes immediately",1,2025-08-15,BOA,Google Play,0.0,neutral
best apps,5,2025-08-15,BOA,Google Play,0.6369,positive
the worst app ever to exist in a bank history,1,2025-08-15,BOA,Google Play,-0.6249,negative
thank you,5,2025-08-14,BOA,Google Play,0.3612,positive
Best mobile app in the country,5,2025-08-14,BOA,Google Play,0.6369,positive
not fast,2,2025-08-12,BOA,Google Play,0.0,neutral
keeps freezing at the front page.,1,2025-08-10,BOA,Google Play,-0.1027,negative
it is not working on redminote 11 pro+ pls fix it,1,2025-08-08,BOA,Google Play,0.0772,positive
abseniya bank app,5,2025-08-08,BOA,Google Play,0.0,neutral
good,5,2025-08-05,BOA,Google Play,0.4404,positive
yes goode app,5,2025-08-03,BOA,Google Play,0.4019,positive
Great App,5,2025-08-02,BOA,Google Play,0.6249,positive
1) Crashes repeatedly 2) Takes Century to Boot 3) Repeatedly requires Update which is very annoying. 4) It doesn't ask for Password for one step confirmation when transferring money. 5) Automatically stops music when the app is launched (it doesn't really matter just fyi) Overall this have to be the worst mobile banking app I have tried so far and should not be released with all these bugs & issues.,1,2025-08-02,BOA,Google Play,-0.8168,negative
ረጀብነሱ,1,2025-07-31,BOA,Google Play,0.0,neutral
The Worst Mobile Banking App.,1,2025-07-31,BOA,Google Play,-0.6249,negative
giod,5,2025-07-30,BOA,Google Play,0.0,neutral
best bank in ethiopia,5,2025-07-29,BOA,Google Play,0.6369,positive
waqayyoo,5,2025-07-28,BOA,Google Play,0.0,neutral
please is not working,2,2025-07-27,BOA,Google Play,0.3182,positive
nothing when I need to install the Apk it say that re-up date,5,2025-07-25,BOA,Google Play,0.0,neutral
I can log in from any where,5,2025-07-23,BOA,Google Play,0.0,neutral
😇,3,2025-07-21,BOA,Google Play,0.0,neutral
no proplem,5,2025-07-20,BOA,Google Play,-0.296,negative
👍👍👍,5,2025-07-20,BOA,Google Play,0.0,neutral
excellent app,5,2025-07-18,BOA,Google Play,0.5719,positive
good work,5,2025-07-15,BOA,Google Play,0.4404,positive
☹️,5,2025-07-15,BOA,Google Play,0.0,neutral
excellent,5,2025-07-14,BOA,Google Play,0.5719,positive
Great BoA,5,2025-07-14,BOA,Google Play,0.6249,positive
Good,5,2025-07-14,BOA,Google Play,0.4404,positive
Okay,4,2025-07-13,BOA,Google Play,0.2263,positive
not working,1,2025-07-12,BOA,Google Play,0.0,neutral
This App is Getting worse and worse with every update,2,2025-07-11,BOA,Google Play,-0.7351,negative
ምርጥ ነው,1,2025-07-10,BOA,Google Play,0.0,neutral
nice,5,2025-07-10,BOA,Google Play,0.4215,positive
Best app,5,2025-07-08,BOA,Google Play,0.6369,positive
meku,5,2025-07-07,BOA,Google Play,0.0,neutral
nice,4,2025-07-04,BOA,Google Play,0.4215,positive
awasome app go a head,5,2025-07-04,BOA,Google Play,0.0,neutral
😎,5,2025-07-03,BOA,Google Play,0.0,neutral
it sucks as hell. it crashes most of the time and takes a long time to load .,1,2025-07-03,BOA,Google Play,-0.7964,negative
"The App is nice and easy to use but after some time it crushed and said ""Error check your device connectivity"" please fix it",3,2025-07-02,BOA,Google Play,-0.3506,negative
Easy and very nice app to load more than the previouse but in recent time some loading problem detected.,5,2025-07-01,BOA,Google Play,-0.1415,negative
wow,5,2025-07-01,BOA,Google Play,0.5859,positive
"The worst MBA I have experienced, The app crush frequently and they take to long to fix the problem even more than a week.",1,2025-06-27,BOA,Google Play,-0.8126,negative
amazing Banks App👌👌,3,2025-06-25,BOA,Google Play,0.5859,positive
goof,5,2025-06-25,BOA,Google Play,0.0,neutral
good App fore me,5,2025-06-25,BOA,Google Play,0.4404,positive
"very uninterested it's not working when the ""developer mode on"" i haven't off the developer options i preferred to uninstall your app .....",1,2025-06-24,BOA,Google Play,0.0,neutral
fantastic,5,2025-06-22,BOA,Google Play,0.5574,positive
👍,4,2025-06-21,BOA,Google Play,0.0,neutral
it's nice to use.,5,2025-06-21,BOA,Google Play,0.4215,positive
app doesn't start,1,2025-06-21,BOA,Google Play,0.0,neutral
Excellent application,5,2025-06-18,BOA,Google Play,0.5719,positive
its very bad app its very slow,1,2025-06-17,BOA,Google Play,-0.5849,negative
ብዙዬ ሺዋየ በለጠ,1,2025-06-15,BOA,Google Play,0.0,neutral
good,1,2025-06-15,BOA,Google Play,0.4404,positive
Good job!,5,2025-06-13,BOA,Google Play,0.4926,positive
best financial app.,5,2025-06-12,BOA,Google Play,0.6369,positive
ቆንጆ ነው በርቱ,5,2025-06-11,BOA,Google Play,0.0,neutral
the worst app humans ever created,1,2025-06-09,BOA,Google Play,-0.4767,negative
it's not working,3,2025-06-05,BOA,Google Play,0.0,neutral
"Hello, I’m facing a problem with the BOA Mobile app. Every time I enter my phone number and password, the app crashes and shows an error that says “BoaMobile closed because this app has a bug.” I tried updating, reinstalling, and clearing cache, but nothing worked. Please fix this bug in the next update. I really need access to my account. Thank you.",1,2025-06-03,BOA,Google Play,-0.1884,negative
exceptional,5,2025-06-03,BOA,Google Play,0.0,neutral
BoA Mobile good bank,5,2025-06-02,BOA,Google Play,0.4404,positive
this is worest app 24/7 loading,1,2025-06-01,BOA,Google Play,0.0,neutral
BoA system is confartable,5,2025-06-01,BOA,Google Play,0.0,neutral
"this app, for me , is a waste of time. It doesn't work . I can't even long in, and it really piss me off. FIX THE PROBLEM",1,2025-05-27,BOA,Google Play,-0.8491,negative
Good service.,3,2025-05-25,BOA,Google Play,0.4404,positive
the app crush frequently,1,2025-05-24,BOA,Google Play,-0.1531,negative
good,5,2025-05-22,BOA,Google Play,0.4404,positive
You guys keeps getting worst,1,2025-05-22,BOA,Google Play,-0.6249,negative
good,5,2025-05-21,BOA,Google Play,0.4404,positive
"This app is a joke. It crashes more than it works, takes forever to load, and half the features are just decorative at this point. Can’t log in, can’t transfer money, can’t even check my balance without it bugging out. To the developer: Are you actually trying to make this work, or is this some kind of social experiment to test our patience? Did you build this in your sleep? Because it definitely looks like it. If this is your idea of a functional app, maybe consider a different career path🙏",1,2025-05-21,BOA,Google Play,0.7757,positive
BoA,2,2025-05-20,BOA,Google Play,0.0,neutral
good,5,2025-05-20,BOA,Google Play,0.4404,positive
but not opening on android,4,2025-05-19,BOA,Google Play,0.0,neutral
Worst App ever. Totally unreliable. And it didn't work at all for the last 4 months.,1,2025-05-18,BOA,Google Play,-0.6249,negative
amazing,5,2025-05-18,BOA,Google Play,0.5859,positive
excellent,5,2025-05-15,BOA,Google Play,0.5719,positive
"this app does no work on Samsung a51, it just gives a preview of the logo",1,2025-05-11,BOA,Google Play,-0.296,negative
nice,5,2025-05-10,BOA,Google Play,0.4215,positive
"i entered incorrect security question by mistake boa app lock pin forever, why is there no other options? ?? i contacted different branchs more then 4times but they didn't able to solve this issue .",5,2025-05-10,BOA,Google Play,-0.4639,negative
Best app,5,2025-05-09,BOA,Google Play,0.6369,positive
liking this application good 👍,5,2025-05-07,BOA,Google Play,0.6808,positive
"This app future is good, but there is problems with apps to reset and activate it, which is difficult even to the branch staffs, and it takes too long times to active at the branch plus most of the time high expected failure of activation after process at the counter and OTP sent not work",1,2025-05-06,BOA,Google Play,-0.775,negative
good,5,2025-05-06,BOA,Google Play,0.4404,positive
good,5,2025-05-02,BOA,Google Play,0.4404,positive
good,4,2025-04-30,BOA,Google Play,0.4404,positive
good,4,2025-04-30,BOA,Google Play,0.4404,positive
wow,5,2025-04-28,BOA,Google Play,0.5859,positive
it's really good 👍,5,2025-04-23,BOA,Google Play,0.4927,positive
Bad app . it stuck when you open and noting WORKS.,1,2025-04-23,BOA,Google Play,-0.6705,negative
"the app isn't working after it asked me the password it starts loading, but it doesn't open",3,2025-04-20,BOA,Google Play,0.0,neutral
Best,2,2025-04-19,BOA,Google Play,0.6369,positive
It keeps showing this pop up to turn off developer options even tho it's off! I had to turn on and then off to make it work! This is a horrible experience and needs a fix asap! Plus kinda slow.,1,2025-04-19,BOA,Google Play,-0.6571,negative
yideg,1,2025-04-18,BOA,Google Play,0.0,neutral
great boa,5,2025-04-10,BOA,Google Play,0.6249,positive
Best,5,2025-04-10,BOA,Google Play,0.6369,positive
boa of mobile backing,5,2025-04-09,BOA,Google Play,0.0258,neutral
nice,5,2025-04-09,BOA,Google Play,0.4215,positive
faster bank of Abissinya,5,2025-04-08,BOA,Google Play,0.0,neutral
i would have given it a lower if it was possible because it crush so much and it take the bank so long to fix the bug,1,2025-04-08,BOA,Google Play,-0.4215,negative
it just doesn't work...so frustrating,1,2025-04-07,BOA,Google Play,0.3412,positive
like,5,2025-04-06,BOA,Google Play,0.3612,positive
it's not work correctly... you must have update it,1,2025-04-06,BOA,Google Play,0.0,neutral
"the app gets a considerable improvements like language , QR scanner and unlimited transfers survice. but BOA Please do alot on its fastness and convenient when we login and making a transactions.",5,2025-04-04,BOA,Google Play,0.6542,positive
after i typed in my password it says successfully logged out ...and goes back to the first page,2,2025-04-04,BOA,Google Play,0.4939,positive
good but they don't update enough don't add new things,3,2025-04-04,BOA,Google Play,0.2382,positive
very good,5,2025-04-03,BOA,Google Play,0.4927,positive
thank you,5,2025-04-02,BOA,Google Play,0.3612,positive
it doesn't work period z slowest mobile banking ever i would rather use *815#,1,2025-04-01,BOA,Google Play,0.0,neutral
"after activated the application it not allowed to sign , automatically it is turn off In my phone, why ?",1,2025-03-31,BOA,Google Play,0.0,neutral
good application,5,2025-03-30,BOA,Google Play,0.4404,positive
this version is not working for me I cannot even buy card. I cannot send money,1,2025-03-30,BOA,Google Play,0.0,neutral
"It can't actively on initialization, it says incorrect OTP getting the exact OTP",1,2025-03-29,BOA,Google Play,-0.2411,negative
always problematic hardly works,1,2025-03-26,BOA,Google Play,-0.4404,negative
considering the fact the bank is huge this app really bad you could do better,1,2025-03-25,BOA,Google Play,0.1045,positive
best app,5,2025-03-25,BOA,Google Play,0.6369,positive
very good,5,2025-03-25,BOA,Google Play,0.4927,positive
"worst app and Bank ever u be ashamed, scammer",1,2025-03-24,BOA,Google Play,-0.802,negative
great BoA,5,2025-03-22,BOA,Google Play,0.6249,positive
best,5,2025-03-21,BOA,Google Play,0.6369,positive
i have went to the bank so many times because i couldn't make any transaction i can only see my balance nothing else so what is the point of having mobile banking if i can't make any transaction with it please work in that,1,2025-03-21,BOA,Google Play,0.3182,positive
good,5,2025-03-21,BOA,Google Play,0.4404,positive
good,5,2025-03-19,BOA,Google Play,0.4404,positive
there is no speed,1,2025-03-19,BOA,Google Play,-0.296,negative
"For anyone who wants to download it, just don't!!!",1,2025-03-19,BOA,Google Play,0.0,neutral
wonderful,5,2025-03-19,BOA,Google Play,0.5719,positive
all worck,5,2025-03-19,BOA,Google Play,0.0,neutral
Loved it,5,2025-03-14,BOA,Google Play,0.5994,positive
Wow,1,2025-03-14,BOA,Google Play,0.5859,positive
"Edit: New bug, app not letting me type in my otp codes. Shameful Why does this app not allow me to use it while having developer options on? Did y'all consider that I might, perhaps, be an actual developer? Why am I expected to toggle the option on and off just to bank (restarting my phone when I do)? Why is the message labled as somthing that will ""smoothen"" the experience? This is like the most ""security consultant"" thing to implement in an app. Please invest in actual security, not this mess.",1,2025-03-12,BOA,Google Play,0.8121,positive
Improved to be the best,5,2025-03-11,BOA,Google Play,0.8074,positive
BoA,5,2025-03-11,BOA,Google Play,0.0,neutral
"Decent, but there problems sometimes it says error When i transfer money but infact it transferred because of this bug i transferred 2 times instead of 1 and also we can't transfer money to others telebirr acc we only can to our self BOE Dev fix this !!!",3,2025-03-11,BOA,Google Play,-0.8392,negative
BoA Greqt Ethiopian bank.,5,2025-03-11,BOA,Google Play,0.0,neutral
"The bug is still there,the app crashes every time i try to log in, especially in old phones like my Galaxy A32",1,2025-03-10,BOA,Google Play,0.3612,positive
Almost better compared to cbe where it is not qualified for,4,2025-03-09,BOA,Google Play,0.3832,positive
what awesome apps. it is very simple to use and more much important apps.,5,2025-03-09,BOA,Google Play,0.7334,positive
Wonderfull app,5,2025-03-08,BOA,Google Play,0.0,neutral
i can't use this app why?,5,2025-03-07,BOA,Google Play,0.0,neutral
Worst mobile banking app I ever experienced I was blaming other apps but comparing with this they're too much better!!!! It clashes it takes much longer time to login while loading in short it's a complete of trash,1,2025-03-06,BOA,Google Play,-0.702,negative
Wow,4,2025-03-05,BOA,Google Play,0.5859,positive
bro the worst app made by human kind!! as a software engineer it make me so sad seeing enterprise as big as BOA make apps like this. it is a disgrace for our country!!,1,2025-03-05,BOA,Google Play,-0.8205,negative
AGA B Girja Miss language of admin Afaan oromo & other Itoophiyaa languages,1,2025-03-04,BOA,Google Play,-0.1531,negative
Good app,5,2025-03-03,BOA,Google Play,0.4404,positive
"I downloaded the app for the first time while reading other customers reviews and as soon as i installed and opened the app it closes back automatically, what unserious bank, now i uninstalled the app immediately",1,2025-03-03,BOA,Google Play,0.0,neutral
It has good features but sometimes it doesn't work...0,1,2025-03-02,BOA,Google Play,0.2382,positive
Very poor proformance,1,2025-03-01,BOA,Google Play,-0.5256,negative
It's not opening. Really frustrating,1,2025-03-01,BOA,Google Play,0.3865,positive
Verry Amazing App from all IB,5,2025-03-01,BOA,Google Play,0.5859,positive
Not working on this days,1,2025-02-26,BOA,Google Play,0.0,neutral
Thank you BoA,5,2025-02-23,BOA,Google Play,0.3612,positive
best banking app in the wworld,5,2025-02-22,BOA,Google Play,0.6369,positive
Nice app and it's easy to use,5,2025-02-21,BOA,Google Play,0.6908,positive
"please add language in the apps setting(amharic afan oromo, tigniya,and others) sometimes bank to bank transfer is not available through time and even if if it is available not reachable…it is serious issue!",1,2025-02-15,BOA,Google Play,0.4242,positive
This is help full i like ittttt,5,2025-02-14,BOA,Google Play,0.6369,positive
The is not functional at all?,2,2025-02-12,BOA,Google Play,0.0,neutral
Best bank,5,2025-02-08,BOA,Google Play,0.6369,positive
Make it easy and convienient to use and perfect for all to high prefrence and choice.,3,2025-02-07,BOA,Google Play,0.765,positive
good,5,2025-02-05,BOA,Google Play,0.4404,positive
🇪🇹🇪🇹🇪🇹🇪🇹🇪🇹🇪🇹👍👍👍👍👍👍👍,5,2025-02-04,BOA,Google Play,0.0,neutral
I have been using this app for two years.It is amazing.,5,2025-02-01,BOA,Google Play,0.5859,positive
Good 👍,5,2025-01-31,BOA,Google Play,0.4404,positive
Sad experience,1,2025-01-30,BOA,Google Play,-0.4767,negative
Always do update and that is annoying,3,2025-01-27,BOA,Google Play,-0.4019,negative
"Best app, somehow waiting a few minutes",5,2025-01-23,BOA,Google Play,0.6369,positive
I can't dijitalize my atm in the apollo app on my phone,1,2025-01-22,BOA,Google Play,0.0,neutral
Whenever I try to sign in app close please fixed it out,2,2025-01-21,BOA,Google Play,0.3182,positive
Beter,5,2025-01-21,BOA,Google Play,0.0,neutral
Boa,4,2025-01-18,BOA,Google Play,0.0,neutral
በጣም የሚያስጠላ አፕ በጣም የወረደ ዜሮ ነው የምሰጠው ዘሮ It's not App it's very slow ehhhh. Why don't you upgrade the app???? It's always zero,1,2025-01-18,BOA,Google Play,0.0,neutral
Aadan Axmed Barkhadle,5,2025-01-17,BOA,Google Play,0.0,neutral
😡😡😡🤬🤬🤬,1,2025-01-16,BOA,Google Play,0.0,neutral
Horrible customer service and app crashes Horrible!!,1,2025-01-15,BOA,Google Play,-0.8217,negative
I love it,5,2025-01-14,BOA,Google Play,0.6369,positive
Best,5,2025-01-14,BOA,Google Play,0.6369,positive
It keeps asking me to turn off developer mode even when dev mode is off. Couldn't use it.,1,2025-01-13,BOA,Google Play,0.0,neutral
Good🙏,5,2025-01-12,BOA,Google Play,0.0,neutral
Like to much,5,2025-01-11,BOA,Google Play,0.3612,positive
Thank you,5,2025-01-10,BOA,Google Play,0.3612,positive
Perfect,5,2025-01-09,BOA,Google Play,0.5719,positive
The best of best,5,2025-01-09,BOA,Google Play,0.8555,positive
I was using this app for long time it amazing user friendly UI but the i can't found for get pin button in the app,3,2025-01-07,BOA,Google Play,0.5423,positive
Boa,5,2025-01-06,BOA,Google Play,0.0,neutral
Great 👍,5,2025-01-04,BOA,Google Play,0.6249,positive
Fast and suitable for the customers.,5,2025-01-04,BOA,Google Play,0.0,neutral
Good 👍,5,2025-01-03,BOA,Google Play,0.4404,positive
Good app and helpful,5,2025-01-03,BOA,Google Play,0.6908,positive
"I will give only one star, because it faced with multiple of problems. 1. The app is not as fast as the other banks App, for e.g like CBE 2. The App asks repeatedly to switch off developer options, even if it is switched off. 3. Bank of Abyssinia's services are interesting, but they ignored the issues on the App service. 4. Most customers gave a complain on the App, but no one accept their complain to fix the issue. 5. Lastly, I will not recommend the App unless the issue has been solved ASAP!!",1,2025-01-03,BOA,Google Play,-0.8587,negative
By assessing this you can tell Abyssinia bank has no idea what mobile banking is ?,1,2025-01-02,BOA,Google Play,-0.296,negative
It doesn't work at all.,2,2025-01-02,BOA,Google Play,0.0,neutral
this app is not available,1,2025-01-02,BOA,Google Play,0.0,neutral
Best,5,2025-01-01,BOA,Google Play,0.6369,positive
Wow what amazing,5,2024-12-30,BOA,Google Play,0.8225,positive
love it,5,2024-12-30,BOA,Google Play,0.6369,positive
በጣም መሻሻል አለበት....... ለ ባንኩ ማይመጥን መተግበርያ ነው ::,2,2024-12-30,BOA,Google Play,0.0,neutral
Lemn embi yilal??,5,2024-12-30,BOA,Google Play,0.0,neutral
Good,5,2024-12-30,BOA,Google Play,0.4404,positive
It's useless app downgraded.,1,2024-12-29,BOA,Google Play,-0.4215,negative
Why is not letting me access my account. The whole point of this app is for me to gey access to my account without physically being at the bank. I would give it a zero but a one will suffice to get my point accross.,1,2024-12-27,BOA,Google Play,0.0,neutral
Nice,5,2024-12-26,BOA,Google Play,0.4215,positive
When are you going to get rid of this and have a real app that works? By far the worst mobile banking app.,1,2024-12-24,BOA,Google Play,-0.6249,negative
አይሰራም ሼም ነው፤,1,2024-12-23,BOA,Google Play,0.0,neutral
Not that much bad,3,2024-12-22,BOA,Google Play,0.431,positive
Fine,5,2024-12-21,BOA,Google Play,0.2023,positive
The dirtiest application ever seen...,1,2024-12-20,BOA,Google Play,-0.5267,negative
Nic ap,5,2024-12-19,BOA,Google Play,0.0,neutral
The forest app ever,1,2024-12-19,BOA,Google Play,0.0,neutral
"I love BoA more than anyone but they are cursed when it comed to mobile banking. Even though this ine is hetter it still s*cks! It will ask me to turn off developer options other wise it won't work! I use CBE, Awash birr, tekebirr, Dashen bank and others but non of them asked me this, why only BoA? Please improve your mobile banking, be competitive!",1,2024-12-19,BOA,Google Play,0.9475,positive
Bank of abissena,1,2024-12-17,BOA,Google Play,0.0,neutral
Good,3,2024-12-16,BOA,Google Play,0.4404,positive
"Easy and sooo simple to use it, also its easy to stole someones money using the app",3,2024-12-16,BOA,Google Play,0.7003,positive
GOOD,5,2024-12-15,BOA,Google Play,0.4404,positive
The worst banking app ever. Never works!,1,2024-12-14,BOA,Google Play,-0.6588,negative
Poorly functioning app,3,2024-12-13,BOA,Google Play,0.0,neutral
Very nice,5,2024-12-13,BOA,Google Play,0.4754,positive
Your system is the worst you should do better😡😡😡😡😡😡,2,2024-12-11,BOA,Google Play,-0.6249,negative
It has been a while since you guys started giving the mobile app service but still couldn't get it to work. I'm sure you know that it doesn't work already but not sure if you're lazy or incompetent to fix it. You are losing business because of this. Complacency will have consequences.,1,2024-12-10,BOA,Google Play,-0.6369,negative
"This is the best app; many features are awesome, but it should work without the need to turn off the developer options. I'm tired of having to constantly switch the developer options off and on. I've been expressing my struggles about this. I have precious settings enabled in the developer options, and to open the App Boa app, I have to turn them off. Please help us, Abyssinia Bank. I hope you can provide an update soon.",4,2024-12-08,BOA,Google Play,0.9253,positive
"I’m giving this app one star because there are no options below that. My experience has been incredibly frustrating due to the extremely long loading times, and the app even closes automatically at times. People choose mobile banking for its convenience, but this app is far too time-consuming, making it the worst I’ve used. I hope improvements are made to enhance the user experience.",1,2024-12-07,BOA,Google Play,-0.2135,negative
Nice,5,2024-12-07,BOA,Google Play,0.4215,positive
Very unprofessional and mischievous bank in my opinion. I have had several occasions but recently I used Abyssinia Card to withdraw money and it was deducted from my account but despite reporting several times they said they are processing it but I learned yesterday that since it has been 3 months the bank has decided to include it in their income. How absurd. If you can avoid this bank.,1,2024-12-06,BOA,Google Play,-0.6245,negative
It doesn't work on my 2 devices A05 and A34 😡,1,2024-12-02,BOA,Google Play,0.0,neutral
My attention is very important because it will be the most difficult time for me,5,2024-11-30,BOA,Google Play,-0.1779,negative
"I have a worst experience while using this mobile application through out the year. Most of the time it fails to ""Login"" or automatically closed the app. And also it takes so much loading time (5 minutes +) trying to access the internal services. Sometimes also while transferring within and to other bank also fails. So, BOA please fix your app.",1,2024-11-29,BOA,Google Play,-0.7976,negative
I don't know why but your apps start out great then all of a sudden don't work🤷‍♀️,1,2024-11-28,BOA,Google Play,0.7684,positive
This application is losing major factions on a daily basis. I can count how many times I have used this app; it is completely useless and disappointing if I am not going to use it in times of need then I don't see the point.,1,2024-11-28,BOA,Google Play,-0.8464,negative
exellent digital transaction of money,5,2024-11-27,BOA,Google Play,0.0,neutral
The latest update has stopped android 9 phones not to open this App. Never work properly since i started using it.,1,2024-11-26,BOA,Google Play,-0.2263,negative
Best,5,2024-11-25,BOA,Google Play,0.6369,positive
Great,5,2024-11-25,BOA,Google Play,0.6249,positive
👏👏👏,5,2024-11-24,BOA,Google Play,0.0,neutral
Money,5,2024-11-24,BOA,Google Play,0.0,neutral
It needs more improvment,2,2024-11-24,BOA,Google Play,0.0,neutral
Good app,5,2024-11-21,BOA,Google Play,0.4404,positive
ab,3,2024-11-20,BOA,Google Play,0.0,neutral
Ademtahir,5,2024-11-20,BOA,Google Play,0.0,neutral
✌️✌️,5,2024-11-20,BOA,Google Play,0.0,neutral
Please this app on my android phone,3,2024-11-20,BOA,Google Play,0.3182,positive
GOAT 🐐 🐐,5,2024-11-19,BOA,Google Play,0.0,neutral
"Your app doesn't match your bank, the app is disaster, super slow. Please learn something from tele birr app.",1,2024-11-19,BOA,Google Play,0.2732,positive
Fast and reliable,5,2024-11-18,BOA,Google Play,0.0,neutral
"The worst app update ever. Why would you include the ""developer option off"" thing here? Why do you care? It is my phone my money, right? That is the reason why I switched to other banks. So either turn it off or everyone will discontinue their business one by one.",1,2024-11-17,BOA,Google Play,-0.3485,negative
Very good,5,2024-11-14,BOA,Google Play,0.4927,positive
One of the poorest mobile banking system,1,2024-11-13,BOA,Google Play,-0.5423,negative
❤❤❤❤❤❤,5,2024-11-12,BOA,Google Play,0.0,neutral
Oene,5,2024-11-12,BOA,Google Play,0.0,neutral
i find it interesting specially in reciept downloading,1,2024-11-12,BOA,Google Play,0.4019,positive
it good,5,2024-11-12,BOA,Google Play,0.4404,positive
"This app crashes everytime, please fix it",1,2024-11-12,BOA,Google Play,0.3182,positive
አንድ star ራሱ ይበዛበታል። i dont recomend to use this app also the bank,1,2024-11-12,BOA,Google Play,0.0,neutral
I need a support the app is not working,5,2024-11-12,BOA,Google Play,0.4019,positive
Bast bank of ethiopia,5,2024-11-12,BOA,Google Play,0.0,neutral
Good,5,2024-11-12,BOA,Google Play,0.4404,positive
very slow app. አቢሲኒያን ከሚያክል ባንክ የማይጠበቅ software app. ከቻላችሁ ሙሉ ለሙሉ እንደገና አሰሩት።በጣም ይመራያል ያሳፍራል።ለapp የወጣው ወጭ በሙስና የተበላ ነው የሚመስለው።,1,2024-11-12,BOA,Google Play,0.0,neutral
"thank you for your social services like, vertual banking, non touch ATM, Cadrless and withdrwal with out passbook...",5,2024-11-12,BOA,Google Play,0.6124,positive
The worst App i have never seen like this before,1,2024-11-12,BOA,Google Play,-0.7359,negative
Wweeeer,4,2024-11-12,BOA,Google Play,0.0,neutral
Infinx,5,2024-11-12,BOA,Google Play,0.0,neutral
Great service,5,2024-11-12,BOA,Google Play,0.6249,positive
👍,5,2024-11-11,BOA,Google Play,0.0,neutral
This app is not available on all android versions and some times it is not functional.,1,2024-11-08,BOA,Google Play,0.0,neutral
senayt Mesfin,4,2024-11-08,BOA,Google Play,0.0,neutral
Bad app vety bad.,1,2024-11-07,BOA,Google Play,-0.7906,negative
Nice,5,2024-11-06,BOA,Google Play,0.4215,positive
Abessnya Banke,5,2024-11-05,BOA,Google Play,0.0,neutral
"The most useless app, I never expected such an irrelevant app from BOA. big shame!",1,2024-11-04,BOA,Google Play,-0.7569,negative
Professional on banking app,5,2024-11-01,BOA,Google Play,0.0,neutral
Has some nice interface but always freezes or slow to load .App developers please fix this issue.,3,2024-10-27,BOA,Google Play,0.5719,positive
አይሰራም አስተካክሉት,5,2024-10-26,BOA,Google Play,0.0,neutral
Please try another because this app doesn't feet the need of this generation,1,2024-10-25,BOA,Google Play,0.3182,positive
Good,4,2024-10-25,BOA,Google Play,0.4404,positive
Fast transfer,5,2024-10-24,BOA,Google Play,0.0,neutral
"What's up I can't log in, what's wrong",5,2024-10-22,BOA,Google Play,-0.4767,negative
Amrumehamed,1,2024-10-21,BOA,Google Play,0.0,neutral
Good,5,2024-10-19,BOA,Google Play,0.4404,positive
"Nice to meet you my proud bank in Ethiopia.. I'm a member of this bank, i need to solve my problem of international receiving money for me from my online digital working service's over the world please? I'm working a lot of international money.But i can't get direct in Ethiopia because of don't knowing the legal ways of getting money in Ethiopia please can I get and direct deposit with BoA please 🙏🙏🙏?",5,2024-10-18,BOA,Google Play,0.8717,positive
Very good,5,2024-10-18,BOA,Google Play,0.4927,positive
ደደገነሐ,5,2024-10-15,BOA,Google Play,0.0,neutral
"Terrible Bank Experience It’s unbelievable that with all the modern technology, this bank still struggles with even basic transactions. The app constantly crashes, services are limited, and every time I try to transfer money or load Telebirr, there’s a huge delay. I have to wait 5 days for failed transactions to be refunded! Even USSD is unreliable. They’ve put me in embarrassing situations countless times, and customer care never fixes anything. I’ve switched banks, and you should too!",1,2024-10-14,BOA,Google Play,-0.8395,negative
A painfully slow banking app service. Please don't make it your choice!,1,2024-10-13,BOA,Google Play,-0.3382,negative
Good App,4,2024-10-12,BOA,Google Play,0.4404,positive
Best app to me,5,2024-10-11,BOA,Google Play,0.6369,positive
BOA,5,2024-10-11,BOA,Google Play,0.0,neutral
Abdulkadir,5,2024-10-11,BOA,Google Play,0.0,neutral
Bad,1,2024-10-10,BOA,Google Play,-0.5423,negative
If it is possible I would gove0 star,1,2024-10-08,BOA,Google Play,0.0,neutral
Nise mobile bankig,4,2024-10-05,BOA,Google Play,0.0,neutral
Overall good app but performance needs some improvement also sometimes when using instant other bank transfers it refuses causing to be repeated several times to transfer,4,2024-10-04,BOA,Google Play,0.714,positive
Ok,5,2024-10-04,BOA,Google Play,0.296,positive
Just make it work please🤣 this is embarrassing for a bank of your size,1,2024-10-04,BOA,Google Play,-0.3818,negative
Update to the simplest way it requires the developer option on and off why this is,5,2024-10-04,BOA,Google Play,0.0,neutral
"Stop telling me what to do with my phone, BOA. Why does your newly updated app keep asking me to disable the developer options? I’m not slowing down my phone just to use your God damn app. 🤮🤮🤮🤮",1,2024-10-04,BOA,Google Play,-0.4215,negative
I'm living out of country how may I download and use mobile banking? It asks me the Ethiopia phone number and I can't receive text to confirm because I'm out side the country. So please lete know if I can use while I'm outside the country. Thanks,1,2024-10-04,BOA,Google Play,0.6997,positive
Good,3,2024-10-03,BOA,Google Play,0.4404,positive
Worest app,1,2024-10-03,BOA,Google Play,0.0,neutral
The worest app ever,1,2024-10-03,BOA,Google Play,0.0,neutral
አሪፍ ነው በርቱልን,5,2024-10-03,BOA,Google Play,0.0,neutral
Wwwerrr,5,2024-10-02,BOA,Google Play,0.0,neutral
ጀማል ውቀቱ,5,2024-09-30,BOA,Google Play,0.0,neutral
Great For Financial company,5,2024-09-30,BOA,Google Play,0.6249,positive
Very easy to use,5,2024-09-30,BOA,Google Play,0.4927,positive
The App's crash always.. Error.....,3,2024-09-27,BOA,Google Play,-0.4019,negative
This app is incredibly frustrating to use. It’s filled with issues that make it difficult to navigate and complete tasks efficiently. I’ve never encountered such a poorly designed banking application before. It needs significant improvements to enhance user experience. It deserves a vey low rating.,1,2024-09-26,BOA,Google Play,-0.2484,negative
nice,5,2024-09-26,BOA,Google Play,0.4215,positive
Great UI and seamless UX. I love it!!,5,2024-09-25,BOA,Google Play,0.8715,positive
That's too good application but try to add more alternatives and futures or possibilitys for your customers,3,2024-09-25,BOA,Google Play,0.2382,positive
It's easy used to operate program and secured 👍👍,4,2024-09-25,BOA,Google Play,0.6808,positive
I bought a mobile card on this app but I didn't receive it and it took my money and I didn't get my money back.,1,2024-09-21,BOA,Google Play,0.0,neutral
Amazing,5,2024-09-19,BOA,Google Play,0.5859,positive
Great app with great services,5,2024-09-19,BOA,Google Play,0.8481,positive
Yes active user,5,2024-09-17,BOA,Google Play,0.6597,positive
Shameful,1,2024-09-17,BOA,Google Play,-0.4939,negative
The worest app ever made i would not recommende for no one,1,2024-09-16,BOA,Google Play,0.2235,positive
Good application,5,2024-09-16,BOA,Google Play,0.4404,positive
I like,5,2024-09-16,BOA,Google Play,0.3612,positive
Good,5,2024-09-16,BOA,Google Play,0.4404,positive
"How many hours should I wait after transferring money to telebirr, please do something about the transfer delay issue I need my money when ever.",1,2024-09-15,BOA,Google Play,0.0,neutral
"BOA is unreasonably holding and delaying transactions for more than a day, even transactions within the same bank itself. This is a huge gap that I observed in BOA mobile banking. I didn't experience this kind of challenge while having transactions in other banks' mobile banking platforms. After waiting so long, I called your customer support team and the response they gave me was ""it was the system that holds the transaction & will be released on working days"". This is not totally fair.",1,2024-09-15,BOA,Google Play,0.4269,positive
የእርስዎን ተሞክሮ ይግለጹ (አማራጭ),5,2024-09-14,BOA,Google Play,0.0,neutral
It's not working. It needs a big update. Can't you update the app quickly?,1,2024-09-14,BOA,Google Play,0.0,neutral
"I am Aimohon Joel , It's can be Good for a Better Conversation in Time 🙂",3,2024-09-14,BOA,Google Play,0.7003,positive
"Better app than most mobile apps, but why do I have to turn off developer option every time I wanna use the app?? It's annoying.",1,2024-09-13,BOA,Google Play,-0.4515,negative
Bes and freindly app,5,2024-09-13,BOA,Google Play,0.0,neutral
It doesn't work.,1,2024-09-12,BOA,Google Play,0.0,neutral
"It say ""The request was not successful. please check device connectivity or try again"" why? One of the bank manager told me it is because of my phone's android version which is 9.1 It is ridiculous! Disappointing",1,2024-09-11,BOA,Google Play,-0.8758,negative
How to download or screenshot of payment receipt...what kinda worst app ever 🤮🤮🤢,1,2024-09-11,BOA,Google Play,-0.5868,negative
Good,5,2024-09-10,BOA,Google Play,0.4404,positive
Smart technology,5,2024-09-10,BOA,Google Play,0.4019,positive
Yegema app tish🪨,1,2024-09-08,BOA,Google Play,0.0,neutral
Ok,5,2024-09-07,BOA,Google Play,0.296,positive
"This is not an appropriate app, i don't know how boa develops this app, i don't expect this much crazy and un confortable app form BOA, I'm soory!!!",1,2024-09-07,BOA,Google Play,-0.5067,negative
"Shockingly bad! Even when it decides to work, it's painfully slow and frustrating. Such a shame that it has become a stain on an extraordinary bank",1,2024-09-06,BOA,Google Play,-0.9312,negative
"It crashes frequently. It launches on Android 8.1 but I don't think it actually works on versions less than 10. If so, it shouldn't be available for download by such devices to begin with, like many other finance apps are not. It was so much better three months ago, upgrades should be for the better.",1,2024-09-06,BOA,Google Play,0.915,positive
Awesome application. But lately its crashing everytime i opened it.,4,2024-09-05,BOA,Google Play,0.3716,positive
እጅም በጣም ደካማ አፕ ነው ሲፈልግ ይከፍታል ሲፈልግ አይከፍትም ከአዋሽ እና ንግድ ባንክ የመሳሰሉ ባንኮች ሲወዳደር ሞባይል ባንኪንግ App እጅግ የሚያበሳጭ ነው ለውጥ ያስፈልጋችኋል,1,2024-09-05,BOA,Google Play,0.0,neutral
good,5,2024-09-05,BOA,Google Play,0.4404,positive
Fast one,3,2024-09-04,BOA,Google Play,0.0,neutral
Nice looking app but a terrible user experience.,1,2024-09-03,BOA,Google Play,-0.5023,negative
The worest MB app ever!!🙄,1,2024-09-02,BOA,Google Play,0.0,neutral
Very good,5,2024-09-01,BOA,Google Play,0.4927,positive
It is ok,5,2024-09-01,BOA,Google Play,0.296,positive
Plz fix the Apps ....screenshot lovation hide from glarey share botten not work😔😔,1,2024-08-30,BOA,Google Play,0.2023,positive
Good,5,2024-08-30,BOA,Google Play,0.4404,positive
Apollo's,1,2024-08-29,BOA,Google Play,0.0,neutral
The worst experience ever,1,2024-08-29,BOA,Google Play,-0.6249,negative
Hussenaliumar,5,2024-08-29,BOA,Google Play,0.0,neutral
Good,3,2024-08-28,BOA,Google Play,0.4404,positive
Hi I have problem with this App BOA mobile I don't know what is wrong with this App I did many times download but it's sam doesn't work if sam like that this app way I have to be customer with them how I know my account and checking save The book is no Not enough alone,1,2024-08-28,BOA,Google Play,0.6072,positive
It is not work for my device,5,2024-08-27,BOA,Google Play,0.0,neutral
"I'm Sick and tiered of enabling and disabling Developer Option Everytime I use this app. maybe you know it maybe you dont, fix it please it's anoying",1,2024-08-26,BOA,Google Play,-0.8106,negative
The worst app ever,1,2024-08-26,BOA,Google Play,-0.6249,negative
Good,5,2024-08-26,BOA,Google Play,0.4404,positive
Betanya Gebre,3,2024-08-23,BOA,Google Play,0.0,neutral
I dont recommand it to any one,1,2024-08-23,BOA,Google Play,0.0,neutral
Good,5,2024-08-22,BOA,Google Play,0.4404,positive
Excellent app,5,2024-08-21,BOA,Google Play,0.5719,positive
"The application used to work well. But after updates I'm not able to use the forgot password feature, which is blocking me from accessing it as a whole.",1,2024-08-20,BOA,Google Play,-0.431,negative
ትርሃስ,5,2024-08-19,BOA,Google Play,0.0,neutral
Gio,4,2024-08-19,BOA,Google Play,0.0,neutral
App isn't working,1,2024-08-18,BOA,Google Play,0.0,neutral
Best app,5,2024-08-18,BOA,Google Play,0.6369,positive
so far good but always it lugs,3,2024-08-17,BOA,Google Play,0.2707,positive
Don't trust this bank and its service.,1,2024-08-16,BOA,Google Play,-0.4023,negative
"I can not open and use the application,please help me!",5,2024-08-15,BOA,Google Play,0.4574,positive
Horrible,1,2024-08-14,BOA,Google Play,-0.5423,negative
Mostly not working 😑,1,2024-08-14,BOA,Google Play,0.0,neutral
Good,5,2024-08-13,BOA,Google Play,0.4404,positive
Awesome 👌,5,2024-08-12,BOA,Google Play,0.6249,positive
"Despite the enhanced technology you have, the application doesn't work properly, and it asks for the developer option to be turned off, fix that.",3,2024-08-12,BOA,Google Play,0.0,neutral
Thank you,3,2024-08-12,BOA,Google Play,0.3612,positive
Very poor app b/c highly slow to open the app,1,2024-08-12,BOA,Google Play,-0.5256,negative
Ok,5,2024-08-12,BOA,Google Play,0.296,positive
best,1,2024-08-12,BOA,Google Play,0.6369,positive
Best app,5,2024-08-11,BOA,Google Play,0.6369,positive
Wedi Tekle .,5,2024-08-11,BOA,Google Play,0.0,neutral
Bad app📱👎👎👎,1,2024-08-11,BOA,Google Play,-0.5423,negative
Dura nan fayyadaman ture amma garuu naaf hojjechaa hin jiru maaf?,5,2024-08-11,BOA,Google Play,0.0,neutral
Nice appp,5,2024-08-11,BOA,Google Play,0.4215,positive
ሰላም አቢሲኒያዎች የሞባይል ባንኪንጋችሁ ተጠቃሚ ነኝ አገልግሎቱን ስላስጀመራችሁለን እናመሰግናለን። ነገር ግን አለፎ አልፎ የነበረው የማስፈንጠሪያው በአግባቡ አለመስራት አልፎ አልፎ ወደመስራት ተቀይሯል ድሮ እንደነበራችሁ እናውቃለን ዘንድሮም ብትኖሩልን እንመርጣለን *ከዘመን አንጉደል*,3,2024-08-10,BOA,Google Play,0.0,neutral
Gooood app my dear,5,2024-08-10,BOA,Google Play,0.3818,positive
Harun tamam galanaa,3,2024-08-09,BOA,Google Play,0.0,neutral
"A total disaster of an app. Always offline, never works, it's embarassing. I've lost hope and taken my business to a competitor",1,2024-08-08,BOA,Google Play,-0.6124,negative
Gamebela,1,2024-08-08,BOA,Google Play,0.0,neutral
so poor app to use can't start up when open the app,1,2024-08-08,BOA,Google Play,-0.5256,negative
"This app takes too long time to be opened. And even it is not working simply as other banks application. Why this app does not give a digital invoice. Even, I am not able to find where the screeshot is kept after transaction. So, please the developer should fix all these.",1,2024-08-07,BOA,Google Play,0.3804,positive
Good job,5,2024-08-07,BOA,Google Play,0.4404,positive
"Worst app ever, not user friendly, even doesn't serve basic functionality correctly, takes to much time to login and navigate through the app, we expected more from this bank",1,2024-08-07,BOA,Google Play,-0.7736,negative
good,3,2024-08-07,BOA,Google Play,0.4404,positive
Good,5,2024-08-07,BOA,Google Play,0.4404,positive
Bad app .,1,2024-08-06,BOA,Google Play,-0.5423,negative
"I mean how could a big financial company like this, be this much irresponsible to release this app? You should be ashamed!",1,2024-08-06,BOA,Google Play,-0.5848,negative
Review,5,2024-08-06,BOA,Google Play,0.0,neutral
Goood,4,2024-08-06,BOA,Google Play,0.0,neutral
Ok,5,2024-08-06,BOA,Google Play,0.296,positive
👎👎👎👎👎👎👎👎👎,1,2024-08-06,BOA,Google Play,0.0,neutral
Is it necessary to switch off developer options every time to use mobile banking?🤔🤔😡😡😡,1,2024-08-04,BOA,Google Play,0.0,neutral
The previous version is better it doesn't work,1,2024-08-04,BOA,Google Play,0.4404,positive
"I don't know what is wrong with BOA as a bank in general. It's been going backwards since last year or so. The app is a disaster to use in every possible way. Not stable to log in and very slow to perform transactions, couldn't take a screenshot (or can't even find the pictures even using its save screenshot option). Most of the time, it fails to perform transactions and so on. Simply, it's the worst!",1,2024-08-03,BOA,Google Play,-0.9198,negative
ok,5,2024-08-03,BOA,Google Play,0.296,positive
Nice,5,2024-08-03,BOA,Google Play,0.4215,positive
"its fast and easy to communicate to the app and its available all area keep it up.i will make Happy for this application thank you dashen bank for your effort,commitment and dedication. i appricated your work.",5,2025-11-26,Dashen,Google Play,0.8442,positive
What do you care about my phone's settings? Who are you to tell me what to turn off and on? It is my phone after all. This *develoler option* thing will cost you a lot of users who are willing to leave the bank once and for all. Turn this thing off. 6 you fear this is a security issue fix your side not mine.,1,2025-11-25,Dashen,Google Play,0.3736,positive
Exceptional Product.,5,2025-11-23,Dashen,Google Play,0.0,neutral
very easy app,3,2025-11-23,Dashen,Google Play,0.4927,positive
"The Dashen Super App is very impressive. It is fast, easy to use, and provides smooth access to all essential banking services. Money transfer, bill payment, balance check, and other features work efficiently without issues. The design is clean and user-friendly. Great step forward in digital banking — keep up the good work, Dashen Bank!..",5,2025-11-19,Dashen,Google Play,0.9722,positive
በጣም ፈጣን ሥቹ አስተማማኝ ወድጃዋለው,5,2025-11-18,Dashen,Google Play,0.0,neutral
bill payment options are limited in this app please add ethio telecom bill electric bill etc.. instead of adding nonsense in banking app,1,2025-11-18,Dashen,Google Play,-0.3182,negative
"it's a really slow app, I'm not sure what the issue is. Even other bank transfers are not working",2,2025-11-18,Dashen,Google Play,-0.2411,negative
always updating bad stability,1,2025-11-17,Dashen,Google Play,-0.5423,negative
"it say's disable developer option, i disabled it but its not working still",1,2025-11-17,Dashen,Google Play,0.0,neutral
with the super app evry thing i need is just a tap away,5,2025-11-17,Dashen,Google Play,0.5994,positive
nice,5,2025-11-16,Dashen,Google Play,0.4215,positive
eyita tips,1,2025-11-15,Dashen,Google Play,0.0,neutral
clear and presize,5,2025-11-15,Dashen,Google Play,0.3818,positive
smooth and easy!!!,5,2025-11-14,Dashen,Google Play,0.5826,positive
I have had an amazing experience with this app;ot os convenient and easy to use,5,2025-11-14,Dashen,Google Play,0.7717,positive
"All in One Super App with smooth navigation, transaction and lifestyle services",5,2025-11-14,Dashen,Google Play,0.5994,positive
Very nice App.,5,2025-11-14,Dashen,Google Play,0.4754,positive
system failure transfer to others account,2,2025-11-13,Dashen,Google Play,-0.5106,negative
thank you,1,2025-11-13,Dashen,Google Play,0.3612,positive
"Only the UI/UX is good, but it doesn't function properly. It's a shame that a leading tech bank has such an app. Amole is far better.",1,2025-11-13,Dashen,Google Play,0.1655,positive
"excellent app. to use perfectlly to pay,transfer,tele airtime and so on.",5,2025-11-12,Dashen,Google Play,0.5719,positive
wow dashen bank super app,5,2025-11-12,Dashen,Google Play,0.8271,positive
"This so-called “Super App” is a complete disappointment. It’s confusing, slow, and full of glitches honestly, it feels like it was designed to test people’s patience, not to help them bank. Calling it “super” is a joke; it’s one of the most useless apps I’ve ever used.",1,2025-11-11,Dashen,Google Play,-0.4312,negative
Best Mobile Banking App in Ethiopia .,5,2025-11-11,Dashen,Google Play,0.6369,positive
very nice app I have ever seen,5,2025-11-10,Dashen,Google Play,0.4754,positive
NASTY BANK . EVEN THE SUPPER APP IS NOT WORKING WELL. WHEN I AM CALLING THEM THEY ARE NOT RESPONSE . PLEASE DON'T USE THIS APP BECAUSE YOU WILL LOSS YOU TIME ;ENERGY AND EVERYTHING . HOPELESS Bank .,1,2025-11-10,Dashen,Google Play,-0.9205,negative
it's good but is not fast,5,2025-11-09,Dashen,Google Play,0.2382,positive
your financial system must improved,4,2025-11-09,Dashen,Google Play,0.4767,positive
your service is too good,5,2025-11-09,Dashen,Google Play,0.4404,positive
good experience,5,2025-11-09,Dashen,Google Play,0.4404,positive
ok,5,2025-11-08,Dashen,Google Play,0.296,positive
"Amazing app, 👏",5,2025-11-07,Dashen,Google Play,0.5859,positive
wooow,5,2025-11-07,Dashen,Google Play,0.0,neutral
ok,5,2025-11-07,Dashen,Google Play,0.296,positive
Nice app,5,2025-11-07,Dashen,Google Play,0.4215,positive
best,5,2025-11-07,Dashen,Google Play,0.6369,positive
"easy to use, friendly",5,2025-11-06,Dashen,Google Play,0.7269,positive
"12yr more LC, UCP & ICC & loan",5,2025-11-06,Dashen,Google Play,0.0,neutral
"not attractive and friendly app. Check Awash, CBE apps",1,2025-11-06,Dashen,Google Play,-0.6167,negative
amzing,5,2025-11-06,Dashen,Google Play,0.0,neutral
"The Dashen Super App is very impressive. It is fast, easy to use, and provides smooth access to all essential banking services. Money transfer, bill payment, balance check, and other features work efficiently without issues. The design is clean and user-friendly. Great step forward in digital banking — keep up the good work, Dashen Bank!",5,2025-11-05,Dashen,Google Play,0.9722,positive
betam kerfafa naw,1,2025-11-05,Dashen,Google Play,0.0,neutral
exceptional,5,2025-11-05,Dashen,Google Play,0.0,neutral
worst app ever,1,2025-11-05,Dashen,Google Play,-0.6249,negative
"Dashen, always two step ahead.",5,2025-11-05,Dashen,Google Play,0.0,neutral
"Please try to fix the barrier between other banks specially with ""Commercial bank of Ethiopia""",3,2025-11-05,Dashen,Google Play,0.2023,positive
👍,5,2025-11-05,Dashen,Google Play,0.0,neutral
i am using,5,2025-11-05,Dashen,Google Play,0.0,neutral
It is a wonderful App developed by a local talent. It deserves an appreciation. It will continue to evolve with new exciting features.,5,2025-11-05,Dashen,Google Play,0.9186,positive
wonderful app,5,2025-11-05,Dashen,Google Play,0.5719,positive
"i love the app it features are perfect, but it asks to update too many times to activate your need to visit a nearest branch and that takes time. other than that the app is great I like it",5,2025-11-05,Dashen,Google Play,0.9306,positive
go ahead,5,2025-11-05,Dashen,Google Play,0.0,neutral
its supper,5,2025-11-04,Dashen,Google Play,0.0,neutral
Good,5,2025-11-04,Dashen,Google Play,0.4404,positive
it's so boring,1,2025-11-04,Dashen,Google Play,-0.3804,negative
Dashen Bank Super App is the latest version of online banking system that is the gift from Dashen bank for us Thanks to Dashen,5,2025-11-04,Dashen,Google Play,0.8658,positive
"i rarely leave reviews, but this app truely deserves one.it's efficient ,secure , reliable and makes fanancial tasks effortless.definitely 5 stars for this exceptional app",5,2025-11-04,Dashen,Google Play,0.7829,positive
it has improved very much lately its working more and getting better but yet it is not fully fixed some time at night it doesn't work..i think the problem is it was launched too early.,3,2025-11-04,Dashen,Google Play,0.0854,positive
Amazing,5,2025-11-03,Dashen,Google Play,0.5859,positive
wow dashen bank,5,2025-11-03,Dashen,Google Play,0.5859,positive
ብዙ ነጉር ይቀረዋል ወደ አፑ ስገባ በጣም ይዘገያል ባጭሩ ቀርፋፋ ነው,4,2025-11-02,Dashen,Google Play,0.0,neutral
"I just updated my app to the latest version and I couldn't even see my balance, send money or do anything. It says service is unavailable and it will be fixed soon.",5,2025-11-01,Dashen,Google Play,0.0,neutral
it's too slow,1,2025-11-01,Dashen,Google Play,0.0,neutral
"Before the recent update, this app was great. Now, the home page is cluttered with promotions and banners, which really hurts the experience. I think the app stopped being banking app and started only to promote b/c 95% of the app is only ads, also full of bugs",1,2025-11-01,Dashen,Google Play,0.3415,positive
"This might be the worst banking app I've ever used I dont know why kind of bug it is but suddenly the apps stops working it says ""Temporarily unavailable"" for a simple feature like viewing account balance and in person visit was no help it took them longer than 2 hours to fix it and even after that 2 weeks later the same problem just because of this I'm going to stop using the bank altogether which is a shame because it's a decent bank",1,2025-11-01,Dashen,Google Play,-0.8735,negative
Nice app,5,2025-11-01,Dashen,Google Play,0.4215,positive
The worst app ever. Extremely unreliable. Such a shame for a big bank.,1,2025-10-31,Dashen,Google Play,-0.8158,negative
app is too slow not opening fast,1,2025-10-31,Dashen,Google Play,0.0,neutral
good,5,2025-10-30,Dashen,Google Play,0.4404,positive
"it's seems to have some improvements, I don't know what's going on with this app sometimes get collapseed. This is not expected from Dashen bank, which is amongst from famous and greatest banks.",1,2025-10-30,Dashen,Google Play,0.7579,positive
very nise good,5,2025-10-30,Dashen,Google Play,0.4902,positive
very interesting,5,2025-10-30,Dashen,Google Play,0.4576,positive
what your emplyees tell as about the app when they came to our store and what actually the app is different,1,2025-10-30,Dashen,Google Play,0.0,neutral
Excellent promotion,5,2025-10-30,Dashen,Google Play,0.5719,positive
viry good,5,2025-10-29,Dashen,Google Play,0.4404,positive
"Dashen Bank Super App is incredibly convenient! Easy to use, fast, and reliable – a great app to manage everything in one place.",5,2025-10-29,Dashen,Google Play,0.9094,positive
it is the worst app ever istg 🤮🤮🤮,1,2025-10-29,Dashen,Google Play,-0.6249,negative
"Dashen Super App is a game-changer with its sleek, user-friendly interface. Lightning-fast responses and seamless navigation make every task a breeze. Love the organized layout and clear features that save time daily. Fantastic work—highly recommended for effortless banking!",5,2025-10-28,Dashen,Google Play,0.9617,positive
"The design is clean and modern, and everything works smoothly without bugs. I love how reliable the app is it makes banking so convenient.",5,2025-10-28,Dashen,Google Play,-0.17,negative
"A true banking super app! The Dashen Super App combines great design, security, and an impressive range of features. Highly recommended for anyone looking for a complete digital banking experience.",5,2025-10-28,Dashen,Google Play,0.9712,positive
"​I appreciate that this app allowed me to access multiple services in one centralized place. Thank you, Dashen Bank!",5,2025-10-28,Dashen,Google Play,0.6696,positive
"This app makes my day-to-day payments so easy. Everything works perfectly, and it saves me a lot of time.",5,2025-10-28,Dashen,Google Play,0.8377,positive
It’s impressive how consistently the app is improving. I’ve been using it for months and they have improved a lot in terms of not only beauty but also performance wise.,5,2025-10-28,Dashen,Google Play,0.8028,positive
This app has replaced several others for me. It has everything I need in one place.,5,2025-10-28,Dashen,Google Play,0.0,neutral
"The app has evolved impressively over time. The latest release adds dark and light modes that enhance usability and design. It’s intuitive, modern, and clearly built with the user in mind — setting a new benchmark for digital banking.",5,2025-10-28,Dashen,Google Play,0.6908,positive
"Dashen superapp just keeps improving. The new theme options are beautiful, and the overall experience is faster and smoother than ever",5,2025-10-28,Dashen,Google Play,0.7717,positive
I have been using this app for months and its easy to use and is user friendly thanks Dashen bank.,5,2025-10-28,Dashen,Google Play,0.8402,positive
"Finally, banking made simple! Everything I need is in one super app. A true game changer for managing my finances on the go.",5,2025-10-28,Dashen,Google Play,0.7901,positive
"I’ve been using the the App, and it’s been working really well for my daily transactions. Good work 👌",5,2025-10-28,Dashen,Google Play,0.6478,positive
"I appreciate how secure this app feels. Every transaction comes with confirmation, and I always get alerts immediately.",5,2025-10-28,Dashen,Google Play,0.6249,positive
I love the new dark theme it gives the app modern feel n make it more comfortable to use,5,2025-10-28,Dashen,Google Play,0.8313,positive
"This is amazing app, as it name ,truly supper.",5,2025-10-28,Dashen,Google Play,0.7717,positive
This is one of the most user friendly and impressive apps I have encountered in the banking sector,5,2025-10-28,Dashen,Google Play,0.7769,positive
"Amazing UI and UX, the dark mode looks absolutely awesome!",5,2025-10-28,Dashen,Google Play,0.8585,positive
The updated design looks amazing. I really appreciate being able to switch between dark and light mode it’s a small change that makes a big difference!,5,2025-10-28,Dashen,Google Play,0.7955,positive
Astonishing interface with ease of access and complete performance,5,2025-10-28,Dashen,Google Play,0.3612,positive
"I rarely leave reviews, but this app truly deserves one. It’s efficient, secure, and makes financial tasks effortless. Definitely a 5-star experience",5,2025-10-28,Dashen,Google Play,0.9357,positive
stunning UI with reliable service!,5,2025-10-28,Dashen,Google Play,0.4389,positive
"Super Up is the ultimate digital banking app, living up to its name with speed, efficiency, and innovation. Designed for a seamless experience, it offers lightning-fast transactions, top-tier security, and effortless financial management. With Super Up, banking has never been this smooth, smart, and super!",5,2025-10-27,Dashen,Google Play,0.969,positive
"The UI is impressive, but adding an ATM withdrawal feature for cardless cash access would enhance functionality. This may require updates to the ATM system as well. Please consider this, dev team.",4,2025-10-22,Dashen,Google Play,0.7845,positive
convinent,5,2025-10-22,Dashen,Google Play,0.0,neutral
Good,4,2025-10-21,Dashen,Google Play,0.4404,positive
it is Excellent April jest continue more abeaten.....,4,2025-10-19,Dashen,Google Play,0.5719,positive
I like it,5,2025-10-18,Dashen,Google Play,0.3612,positive
abdrug bentahuuuu,3,2025-10-17,Dashen,Google Play,0.0,neutral
"Dashen SuperApp is the worst app for me because it consistently fails during transfers. When I try to send money, the transaction freezes for extended periods—sometimes a full day, and often two or three days or more. Crucially, the funds are neither delivered to the recipient nor immediately refunded to my account, which is incredibly frustrating and makes me feel like I've lost my money. The app urgently needs a technical update to ensure transactions process smoothly and reliably.",1,2025-10-14,Dashen,Google Play,-0.8122,negative
Best application,5,2025-10-14,Dashen,Google Play,0.6369,positive
easy,5,2025-10-14,Dashen,Google Play,0.4404,positive
lmo,5,2025-10-13,Dashen,Google Play,0.0,neutral
meseret birara,5,2025-10-12,Dashen,Google Play,0.0,neutral
it doesn't let me open my account,1,2025-10-12,Dashen,Google Play,0.0,neutral
very good,1,2025-10-11,Dashen,Google Play,0.4927,positive
it is the best,5,2025-10-11,Dashen,Google Play,0.6369,positive
nice and best,5,2025-10-10,Dashen,Google Play,0.7906,positive
good,5,2025-10-10,Dashen,Google Play,0.4404,positive
Finish the app development fully before you give the final result. It's is very inconvenient and not that reliable at the moment.,1,2025-10-08,Dashen,Google Play,-0.4005,negative
hayelu Beranu Bashre,5,2025-10-07,Dashen,Google Play,0.0,neutral
👎👎👎👎👎👎👎👎 connection not fast,5,2025-10-07,Dashen,Google Play,0.0,neutral
good,5,2025-10-06,Dashen,Google Play,0.4404,positive
"@Shewangizaw L. As a heavy user of the app , the issue you raised around resetting pass pin concerned me and gave it a try and found it to be safe. Basically the app will do two things: verifies one using an otp and then requires an in-person visit to bank's physical branch for final verification after resetting the password. Therefore, safe to use! I wish ""i""nformational tip was added around the reset button. Could not attach screenshot.",4,2025-10-06,Dashen,Google Play,0.8313,positive
perfect,5,2025-10-06,Dashen,Google Play,0.5719,positive
for dashen bankk it is best app so why your bank onlyu one one app for mobile banking that means superr app,5,2025-10-05,Dashen,Google Play,0.6369,positive
wow,5,2025-10-04,Dashen,Google Play,0.5859,positive
tadesa melka tulluu,1,2025-10-04,Dashen,Google Play,0.0,neutral
I can't open virtual account.I have been trying it for about 3 days still no resolve.,2,2025-10-04,Dashen,Google Play,0.1027,positive
App is passive when compare to Amole it takes 3-5 seconds to open and i cannot refresh transactions what i did.,1,2025-10-03,Dashen,Google Play,0.2023,positive
withdraw,1,2025-10-02,Dashen,Google Play,0.0,neutral
It takes gazillion years to open 😶,3,2025-10-02,Dashen,Google Play,0.0,neutral
this app is outstanding,5,2025-10-01,Dashen,Google Play,0.6124,positive
totally bad,1,2025-10-01,Dashen,Google Play,-0.5849,negative
I really appreciate but we can't use it if don't have balance or data access,2,2025-10-01,Dashen,Google Play,0.2492,positive
nice app,5,2025-09-30,Dashen,Google Play,0.4215,positive
ሙነጃት አብድላ ሸረፍ,2,2025-09-30,Dashen,Google Play,0.0,neutral
it fast service,5,2025-09-29,Dashen,Google Play,0.0,neutral
"Good improvements after the Sep 25, 2025 update.",4,2025-09-29,Dashen,Google Play,0.6369,positive
I have one issue though what if the mobile phone with the sim is stolen and have no pattern or pin. The app allows to reset the pin directly without 2FA like finger print just by sending sms. which is a big gap. It should be addressed I didn't expect but it does and no trust at all.,1,2025-09-28,Dashen,Google Play,-0.1543,negative
I love it 👍,5,2025-09-28,Dashen,Google Play,0.6369,positive
Best,5,2025-09-28,Dashen,Google Play,0.6369,positive
nice,5,2025-09-28,Dashen,Google Play,0.4215,positive
gooe,5,2025-09-28,Dashen,Google Play,0.0,neutral
nice app,5,2025-09-27,Dashen,Google Play,0.4215,positive
Dashen super app is the best all ethiopian banks keep it,5,2025-09-27,Dashen,Google Play,0.8442,positive
cool app,5,2025-09-27,Dashen,Google Play,0.3182,positive
nice,5,2025-09-27,Dashen,Google Play,0.4215,positive
App That makes cashless society in our century and Easy to use.,5,2025-09-27,Dashen,Google Play,0.4404,positive
tadass,1,2025-09-27,Dashen,Google Play,0.0,neutral
ሙሃጂራ,1,2025-09-27,Dashen,Google Play,0.0,neutral
It is an amazing app and all in one,5,2025-09-27,Dashen,Google Play,0.5859,positive
i dont like it,1,2025-09-27,Dashen,Google Play,-0.2755,negative
Dashen is the Future,5,2025-09-27,Dashen,Google Play,0.0,neutral
the best version in 🇪🇹,5,2025-09-27,Dashen,Google Play,0.6369,positive
excellent,5,2025-09-26,Dashen,Google Play,0.5719,positive
"its amazing app, visually stunning",5,2025-09-26,Dashen,Google Play,0.7506,positive
"Updates every time 🥲, when it's updated, it doesn't work at all. 😭",1,2025-09-26,Dashen,Google Play,0.0,neutral
the best app from other dashen is unique its fast app ever i had in my life,5,2025-09-26,Dashen,Google Play,0.6369,positive
I love the new user interface,5,2025-09-26,Dashen,Google Play,0.6369,positive
ok,5,2025-09-26,Dashen,Google Play,0.296,positive
"Appreciated, Always one step ahead!",5,2025-09-26,Dashen,Google Play,0.5562,positive
👌👌,5,2025-09-26,Dashen,Google Play,0.0,neutral
The app stops working whenever there is an update unless you update the app. But it is better if it kept working on and updating should be optional.,3,2025-09-26,Dashen,Google Play,0.5499,positive
"This is the first time i have experienced this much cool app out of all the other mobile banking platforms, im genuinely happy to see this kind of app here, tnx",5,2025-09-26,Dashen,Google Play,0.7964,positive
it can't do without data or wifi,1,2025-09-26,Dashen,Google Play,0.0,neutral
"The best UI banking app from all those I used, other Ethiopian banks I used have a really old UI. This is very neat and easy to use. Also so reliable.",5,2025-09-26,Dashen,Google Play,0.8923,positive
So nice !,5,2025-09-26,Dashen,Google Play,0.5244,positive
What's the problem with this app's that asking for updates on a daily basis?,1,2025-09-25,Dashen,Google Play,-0.4019,negative
good,3,2025-09-25,Dashen,Google Play,0.4404,positive
"Wow, I really loved the new UI/UX! Great job, Dashen Bank! You guys are the best mobile banking in Ethiopia.",5,2025-09-25,Dashen,Google Play,0.9576,positive
excellent UI improvement 💯💯,5,2025-09-24,Dashen,Google Play,0.7717,positive
one of the best app in Ethiopia .,5,2025-09-24,Dashen,Google Play,0.6369,positive
great app,5,2025-09-23,Dashen,Google Play,0.6249,positive
it is good but some times says duplicate transaction why? and text,5,2025-09-23,Dashen,Google Play,0.2382,positive
good,5,2025-09-22,Dashen,Google Play,0.4404,positive
Good,4,2025-09-19,Dashen,Google Play,0.4404,positive
The worst app. It needs updating everyday. Ouch 🤕,1,2025-09-19,Dashen,Google Play,-0.6249,negative
safe and secure,3,2025-09-18,Dashen,Google Play,0.6486,positive
በጣም ምቹ ነው,4,2025-09-15,Dashen,Google Play,0.0,neutral
"is not working right now with snmsung galaxy f15, please help me",1,2025-09-14,Dashen,Google Play,0.6124,positive
good,5,2025-09-13,Dashen,Google Play,0.4404,positive
Your staffs are really hardworking but the app is not like your employees,3,2025-09-12,Dashen,Google Play,-0.395,negative
ዳሺባክ,5,2025-09-11,Dashen,Google Play,0.0,neutral
total,5,2025-09-11,Dashen,Google Play,0.0,neutral
good,5,2025-09-10,Dashen,Google Play,0.4404,positive
dashen super app is the best,5,2025-09-10,Dashen,Google Play,0.8442,positive
zero sezzs55sየየወደሠራዊቱ ደየእያቻቻሉ ሐየየመንደ ደም የሰው የየመን የሰው ።ደም ሐማሚጀየየ,5,2025-09-09,Dashen,Google Play,0.0,neutral
not werke,2,2025-09-08,Dashen,Google Play,0.0,neutral
what happened to dashen bank? this is by far the worst banking app. extremely slow when it works and is out of service all the time,1,2025-09-08,Dashen,Google Play,-0.6249,negative
simple and easy to use,5,2025-09-08,Dashen,Google Play,0.4404,positive
meke,4,2025-09-07,Dashen,Google Play,0.0,neutral
"not a great app compared to the others ,It freezes randomly ,Takes a lot to load ,and a lot of errors while sending money ,I stopped using it",1,2025-09-07,Dashen,Google Play,-0.7713,negative
bad specialy at weekends,1,2025-09-07,Dashen,Google Play,-0.5423,negative
"I am very disappointed with the Dashin Bank Super App. The app does not allow me to withdraw 50 birr or can't transfer money and even I can't use it to buy airtime. This makes me feel like my 50 birr is no longer my money, but the bank’s money, since I cannot access or use it freely. According to the National Bank of Ethiopia (NBE), the rule is that 100 birr is not withdrawable, but it can be used to buy airtime or transferred to friends. Dashin Bank’s restriction goes beyond this rule and unfa",1,2025-09-06,Dashen,Google Play,0.7522,positive
It is good apps but it needs strong network,5,2025-09-06,Dashen,Google Play,0.7506,positive
very slow,3,2025-09-06,Dashen,Google Play,0.0,neutral
The app doesn't allow to switch between accounts. Why is it not possible to use two accounts on the same app even if the accounts have been opened at different branch?,2,2025-09-06,Dashen,Google Play,-0.1695,negative
lacag inaad amaahisan somalida maxaad ku diiden,5,2025-09-05,Dashen,Google Play,0.0,neutral
Dashin mobile banking is become worest app like others Ethiopian bank apps. Amole was the best app ever I used. It was so flexible & reliable to use. and the best app user can login with new device without go to bank physically.,1,2025-09-05,Dashen,Google Play,0.9245,positive
"The app has potential, but the QR payment feature is disappointing. The scanner doesn’t work, and even though there’s an option to select a QR code from the gallery, it doesn’t function either. This makes paying with QR codes almost impossible. Fixing this would really improve the app.",3,2025-09-04,Dashen,Google Play,-0.0027,neutral
"very slow and failed transaction multiple times, previous app was much better!!",2,2025-09-04,Dashen,Google Play,-0.3066,negative
great 👍,5,2025-09-02,Dashen,Google Play,0.6249,positive
"""super Idiot app"" 1.it forced me to off many of my phone settings like developers option. 2.Never works fastly. 3.It needs multiple click. 4. Doesn't notify if received money & many many more *** The worst mobile app ever expanded***",1,2025-09-01,Dashen,Google Play,-0.6444,negative
good,2,2025-09-01,Dashen,Google Play,0.4404,positive
dashin bank,5,2025-08-30,Dashen,Google Play,0.0,neutral
muhaammad bakko,5,2025-08-30,Dashen,Google Play,0.0,neutral
goog,5,2025-08-29,Dashen,Google Play,0.0,neutral
un functional app,1,2025-08-29,Dashen,Google Play,0.0,neutral
trnes far,5,2025-08-27,Dashen,Google Play,0.0,neutral
excellent,5,2025-08-26,Dashen,Google Play,0.5719,positive
shimalis,4,2025-08-25,Dashen,Google Play,0.0,neutral
አሪፍ ነው ግን ደረሰኙ የተቀባይ አካውንት እና ስም አያሳይም ።,3,2025-08-24,Dashen,Google Play,0.0,neutral
excellent mobile banking digital,5,2025-08-24,Dashen,Google Play,0.5719,positive
"Excellent, and it's truly a super app!",5,2025-08-24,Dashen,Google Play,0.8955,positive
nice app,4,2025-08-23,Dashen,Google Play,0.4215,positive
very nice app,5,2025-08-23,Dashen,Google Play,0.4754,positive
can't access as will if it's super and can't even access the service when you need it's a big failure,1,2025-08-22,Dashen,Google Play,0.1531,positive
seche,1,2025-08-22,Dashen,Google Play,0.0,neutral
very fast bank,5,2025-08-22,Dashen,Google Play,0.0,neutral
good and well,5,2025-08-22,Dashen,Google Play,0.6124,positive
what a bank it is,5,2025-08-22,Dashen,Google Play,0.0,neutral
Dashen Super App contains extended selections for customers and can be easily accessible and also friendly to use.,2,2025-08-21,Dashen,Google Play,0.8591,positive
great app,5,2025-08-20,Dashen,Google Play,0.6249,positive
nic,5,2025-08-20,Dashen,Google Play,0.0,neutral
easy to use and the best one,5,2025-08-17,Dashen,Google Play,0.7964,positive
it is totally work of failure. I personally prefer dashen amole instead of this super dull app.,1,2025-08-16,Dashen,Google Play,-0.1627,negative
very good app,5,2025-08-16,Dashen,Google Play,0.4927,positive
The worst banking app in Ethiopia. It forces you to change your PIN every three months.,1,2025-08-16,Dashen,Google Play,-0.6249,negative
አሪፍ,5,2025-08-15,Dashen,Google Play,0.0,neutral
best but USSD is necessary,5,2025-08-15,Dashen,Google Play,0.3818,positive
"one step forward, Ethiopian bank and e commerce industry",5,2025-08-15,Dashen,Google Play,0.0,neutral
still it's essay for user,4,2025-08-15,Dashen,Google Play,0.0,neutral
"Great app, unfortunately I struggle to use it from outside Ethiopia. It tells me ""VPN enabled please disable VPN to continue using the app"". And that's happening without any VPN enabled. I think I will need to switch back to CBE because I need access to my bank account globally.",1,2025-08-15,Dashen,Google Play,0.4019,positive
"It was easy enough before. but now it won't even open , why? pls help if possible. The email address you provided under the App support also can't be found by Gmail. pls respond.",3,2025-08-14,Dashen,Google Play,0.8735,positive
good,5,2025-08-14,Dashen,Google Play,0.4404,positive
"There are plenty of features missed e. g electricity bill, water bill payments",2,2025-08-14,Dashen,Google Play,-0.296,negative
የሶፍትዌሩ ለአጠቃቀም ምቹና ቀላል መሆኑ ተመራጭ ያደርገዋል,5,2025-08-14,Dashen,Google Play,0.0,neutral
በጣም ችግር አለበት,1,2025-08-14,Dashen,Google Play,0.0,neutral
best,5,2025-08-14,Dashen,Google Play,0.6369,positive
great 👍 app,5,2025-08-13,Dashen,Google Play,0.6249,positive
"its a very low quality and slow application, very unreliable in times of need",1,2025-08-13,Dashen,Google Play,-0.3384,negative
ok,5,2025-08-13,Dashen,Google Play,0.296,positive
ok,5,2025-08-13,Dashen,Google Play,0.296,positive
very poor and time taking to use,1,2025-08-13,Dashen,Google Play,-0.5256,negative
it is the best app ever i have seen Dashen bank always one step a head!!!!,5,2025-08-13,Dashen,Google Play,0.7482,positive
the new version is so good I like it,5,2025-08-13,Dashen,Google Play,0.7593,positive
excellent,5,2025-08-13,Dashen,Google Play,0.5719,positive
good,3,2025-08-13,Dashen,Google Play,0.4404,positive
Good,3,2025-08-12,Dashen,Google Play,0.4404,positive
good job my dashen super app,5,2025-08-12,Dashen,Google Play,0.7783,positive
Some connection issues,3,2025-08-12,Dashen,Google Play,0.0,neutral
verry slow app 🤢,1,2025-08-12,Dashen,Google Play,0.0,neutral
best bauget app,5,2025-08-12,Dashen,Google Play,0.6369,positive
its good but he said uptede me 😠🤕,2,2025-08-12,Dashen,Google Play,0.2382,positive
network issue,1,2025-08-12,Dashen,Google Play,0.0,neutral
እንጠቀምበት,5,2025-08-12,Dashen,Google Play,0.0,neutral
nice,5,2025-08-12,Dashen,Google Play,0.4215,positive
fast and easy to use great App.,5,2025-08-12,Dashen,Google Play,0.7906,positive
Best Performing and Fast Financial app,5,2025-08-12,Dashen,Google Play,0.6369,positive
good,5,2025-08-12,Dashen,Google Play,0.4404,positive
well done keep it up,5,2025-08-12,Dashen,Google Play,0.2732,positive
good but it takes forever to load,3,2025-08-12,Dashen,Google Play,0.2382,positive
"It's very good, but there are some things that need to be improved by (speed & receipt view) to be competitive with the companies in the country, i.e.cbe&telebirr.",4,2025-08-12,Dashen,Google Play,0.8072,positive
my favorite 💗💗💗,5,2025-08-11,Dashen,Google Play,0.4588,positive
Good app,5,2025-08-11,Dashen,Google Play,0.4404,positive
Good,5,2025-08-11,Dashen,Google Play,0.4404,positive
"This is boring Mobile banking app, it is not work properly .so slow!",1,2025-08-11,Dashen,Google Play,-0.3802,negative
"improve the app, please. it is not working. It says response timeout",1,2025-08-10,Dashen,Google Play,0.6369,positive
modern perfect app interface with the best banking tools 👏,5,2025-08-09,Dashen,Google Play,0.836,positive
when i tried to open the app it re-downloading something big 3GB 4GB size and after 3 hours late it will open. it's my experience Very worst app it isn't lite app not works in every situation of networks.,1,2025-08-08,Dashen,Google Play,-0.659,negative
"poor, glitch stack",1,2025-08-07,Dashen,Google Play,-0.4767,negative
slowest banking app ever used,3,2025-08-07,Dashen,Google Play,0.0,neutral
Good,1,2025-08-06,Dashen,Google Play,0.4404,positive
Good 👍,5,2025-08-05,Dashen,Google Play,0.4404,positive
Dashen Bank super app is the best app,5,2025-08-05,Dashen,Google Play,0.8442,positive
best,5,2025-08-02,Dashen,Google Play,0.6369,positive
would most likely rate it even less but it does have it's perks. But for the most part the whole app is filled with bugs and it stops being responsive almost everytime. Besides some new features and the new UI design I most definitely prefer the old amole Version. either fix this mess or bring back Amole,2,2025-08-01,Dashen,Google Play,0.3668,positive
sometimes is not working to be honest,1,2025-08-01,Dashen,Google Play,0.5106,positive
ok,4,2025-08-01,Dashen,Google Play,0.296,positive
very good app,5,2025-07-30,Dashen,Google Play,0.4927,positive
Why isn't this app working?,5,2025-07-29,Dashen,Google Play,0.0,neutral
network error,5,2025-07-29,Dashen,Google Play,-0.4019,negative
fast,5,2025-07-29,Dashen,Google Play,0.0,neutral
100 good,5,2025-07-29,Dashen,Google Play,0.4404,positive
ok,5,2025-07-29,Dashen,Google Play,0.296,positive
Good,5,2025-07-28,Dashen,Google Play,0.4404,positive
It stop working most of the time.,2,2025-07-28,Dashen,Google Play,-0.296,negative
i were smothely using the app for the last 5 month but somehow its not working to now so what shall i do it becames like i can open the app even i can't open it if u have solution's pls help me kindly tnx,1,2025-07-28,Dashen,Google Play,0.9349,positive
wow,5,2025-07-26,Dashen,Google Play,0.5859,positive
Best app,5,2025-07-25,Dashen,Google Play,0.6369,positive
"Simple for usage and well designed, attractive in its visual design, ""Always One Step Ahead""",5,2025-07-24,Dashen,Google Play,0.6124,positive
amazing product,5,2025-07-23,Dashen,Google Play,0.5859,positive
"this app is not good and compatible with other Ethiopian bank apps, it is not fast, is stacks sometimes ,even some days it stops working at all.",1,2025-07-23,Dashen,Google Play,-0.4599,negative
ok,5,2025-07-22,Dashen,Google Play,0.296,positive
like it,5,2025-07-22,Dashen,Google Play,0.3612,positive
Great always one step ahead and most reliable bank,5,2025-07-22,Dashen,Google Play,0.6249,positive
u need to start cash out service,4,2025-07-22,Dashen,Google Play,0.0,neutral
all in one super app,5,2025-07-21,Dashen,Google Play,0.5994,positive
Fayla,5,2025-07-20,Dashen,Google Play,0.0,neutral
"The app even in its' first phase is too far one step booster that enables a user to perform a seamless Banking service with multi step security features at his/her comfort zone. It really assured that Dashen Bank is living the Logo ""ALWAYS ONE STEP AHEAD""",5,2025-07-20,Dashen,Google Play,0.7713,positive
ይሄ App ደስ ይላል ሁላችሁም አውርዱት እላለሁ🤭,5,2025-07-19,Dashen,Google Play,0.0,neutral
"Best App .. Good job, Dashen Bank",5,2025-07-16,Dashen,Google Play,0.7964,positive
good application,5,2025-07-15,Dashen,Google Play,0.4404,positive
Excellent App ...,5,2025-07-15,Dashen,Google Play,0.5719,positive
the worst app I have ever seen,1,2025-07-14,Dashen,Google Play,-0.6249,negative
very good compared to Amole!,5,2025-07-13,Dashen,Google Play,0.54,positive
"while it's very secure, it is very slower than other mobile banking apps. it is very lazy app!",2,2025-07-12,Dashen,Google Play,-0.1007,negative
👍😊😊😊,5,2025-07-12,Dashen,Google Play,0.0,neutral
nice,5,2025-07-12,Dashen,Google Play,0.4215,positive
Great application,5,2025-07-12,Dashen,Google Play,0.6249,positive
very nice app,4,2025-07-11,Dashen,Google Play,0.4754,positive
I am entreated app.,5,2025-07-09,Dashen,Google Play,0.0,neutral
Cannot list the number of bugs with this pile of human waste. The absolute worst banking app I have ever used. 50 steps backwards. DO NOT RECOMMEND.,1,2025-07-02,Dashen,Google Play,-0.8681,negative
best app with best bank,5,2025-07-02,Dashen,Google Play,0.8555,positive
alway slow loading,1,2025-06-30,Dashen,Google Play,0.0,neutral
Best,5,2025-06-29,Dashen,Google Play,0.6369,positive
good,5,2025-06-27,Dashen,Google Play,0.4404,positive
"worst app ever and by any chance your account is deactivated, you are doomed",1,2025-06-27,Dashen,Google Play,-0.8074,negative
nice,5,2025-06-26,Dashen,Google Play,0.4215,positive
Ethiopian amazing`s Dashen Bank🤝👌,3,2025-06-25,Dashen,Google Play,0.0,neutral
"It's an unpredictable app, I can't make transactions, and now I can't even get the OTP! So it's going from bad to worse! Thank goodness the Amole Dashen app still exists.",1,2025-06-25,Dashen,Google Play,-0.3987,negative
nice app but limit up to max 600000,5,2025-06-24,Dashen,Google Play,0.2263,positive
wow,5,2025-06-22,Dashen,Google Play,0.5859,positive
Super,5,2025-06-21,Dashen,Google Play,0.5994,positive
"I would be happy if I got a withdraw system in the application. Otherwise, everything is fine for me",4,2025-06-18,Dashen,Google Play,0.6705,positive
nice app but transaction limet not enough,5,2025-06-17,Dashen,Google Play,0.2263,positive
"It's an amazing application to use bank transactions in Ethiopia and it's so friendly btw, but need to ck that account link when we lost our mobile it's ver difficult to link up for the next one pls ck",5,2025-06-14,Dashen,Google Play,-0.2003,negative
incredible,5,2025-06-14,Dashen,Google Play,0.0,neutral
perfect,4,2025-06-14,Dashen,Google Play,0.5719,positive
Dashen Bank My Choice🇪🇹✌️💫,4,2025-06-13,Dashen,Google Play,0.0,neutral
very simple and user friendly app Thank you Dashen Bank,5,2025-06-12,Dashen,Google Play,0.6908,positive
wow,5,2025-06-12,Dashen,Google Play,0.5859,positive
very good .,5,2025-06-09,Dashen,Google Play,0.4927,positive
wow,5,2025-06-09,Dashen,Google Play,0.5859,positive
I like this mobile banking app very much. Overall user interface and navigation is awesome. But it lacks instant response when someone deposit or withdraw money.,2,2025-06-07,Dashen,Google Play,0.5106,positive
love,3,2025-06-06,Dashen,Google Play,0.6369,positive
መቸሸጠ,5,2025-06-03,Dashen,Google Play,0.0,neutral
wow,5,2025-06-03,Dashen,Google Play,0.5859,positive
gadaa,5,2025-06-01,Dashen,Google Play,0.0,neutral
Massive upgrade from the Amole app.,5,2025-05-31,Dashen,Google Play,0.0,neutral
good,4,2025-05-31,Dashen,Google Play,0.4404,positive
very good for this app,5,2025-05-31,Dashen,Google Play,0.4927,positive
top,5,2025-05-31,Dashen,Google Play,0.2023,positive
this app better than Amole . but the biometric on new update doesn't work,4,2025-05-31,Dashen,Google Play,0.2382,positive
Wow,5,2025-05-30,Dashen,Google Play,0.5859,positive
good,5,2025-05-30,Dashen,Google Play,0.4404,positive
wow to it saff and this app,5,2025-05-30,Dashen,Google Play,0.5859,positive
it too slow,3,2025-05-29,Dashen,Google Play,0.0,neutral
ዳሽን ባንክ ይለያል,4,2025-05-28,Dashen,Google Play,0.0,neutral
👍👍👍,5,2025-05-28,Dashen,Google Play,0.0,neutral
good,5,2025-05-28,Dashen,Google Play,0.4404,positive
nice application,5,2025-05-27,Dashen,Google Play,0.4215,positive
good,5,2025-05-27,Dashen,Google Play,0.4404,positive
wow,5,2025-05-27,Dashen,Google Play,0.5859,positive
useless app ever loading take long,1,2025-05-27,Dashen,Google Play,-0.4215,negative
"Game changer app! Dashen Bank Super App is fast, secure, and easy to use. The three-click payment makes sending money super quick, and the QR code payment is perfect for cashless shopping. I also love the biometric login and easy airtime and bill payments. Everything I need is in one place. Dashen Bank has really raised the bar for digital banking in Ethiopia. Highly recommended!",5,2025-05-26,Dashen,Google Play,0.979,positive
very useful App,1,2025-05-26,Dashen,Google Play,0.4927,positive
"Simple, robust features? Yes, please! But the endless loading screen killed the fun—I couldn’t use it for days. Fix the glitch, and I’ll yeet a higher rating!",2,2025-05-26,Dashen,Google Play,-0.6842,negative
Wawww,5,2025-05-24,Dashen,Google Play,0.0,neutral
very Nice,5,2025-05-23,Dashen,Google Play,0.4754,positive
its best,5,2025-05-23,Dashen,Google Play,0.6369,positive
it is not as good as to the other mobile bank app.,1,2025-05-22,Dashen,Google Play,-0.3412,negative
"The best of best is now arrived **Empowering Your Financial Freedom** ""Experience seamless banking at your fingertips with Dashen Bank. Empowering your financial freedom, anytime, anywhere!"" **Innovation Meets Convenience** ""Dashen Bank Mobile Banking: Where innovation meets convenience. **Secure and Reliable** ""Bank with confidence",5,2025-05-22,Dashen,Google Play,0.9628,positive
wow,5,2025-05-20,Dashen,Google Play,0.5859,positive
Nothing is changed in the updated version. You have been collecting comments but where is the feed back you improved in this version. superapp is mot functioning today.,4,2025-05-20,Dashen,Google Play,0.631,positive
good,5,2025-05-20,Dashen,Google Play,0.4404,positive
its best,5,2025-05-19,Dashen,Google Play,0.6369,positive
The best app ever in finance sector,5,2025-05-18,Dashen,Google Play,0.6369,positive
Its good app than other compitators but it confuse when we transfer it needs OTP and PIN most user inter their pin instead of OTP we know the litrecy level of our society so if it is device based i dont know the needs of OTP so please try to fix,3,2025-05-18,Dashen,Google Play,0.5554,positive
dashen bank or dashen super app?,1,2025-05-17,Dashen,Google Play,0.5994,positive
wowwwe app,5,2025-05-17,Dashen,Google Play,0.0,neutral
"Transferring to other bank accounts is a hastle and inconvenient .Get used to seeing "" please try again """,2,2025-05-17,Dashen,Google Play,-0.0258,neutral
good,5,2025-05-16,Dashen,Google Play,0.4404,positive
always lagging,1,2025-05-16,Dashen,Google Play,-0.2732,negative
Amazing Application...,5,2025-05-16,Dashen,Google Play,0.5859,positive
Fantastic,5,2025-05-16,Dashen,Google Play,0.5574,positive
"Dashen bank app is very good, but sometimes it is not working well",5,2025-05-15,Dashen,Google Play,-0.0321,neutral
its my choice,5,2025-05-15,Dashen,Google Play,0.0,neutral
wow apo,5,2025-05-15,Dashen,Google Play,0.5859,positive
awesome app keep going,5,2025-05-14,Dashen,Google Play,0.6249,positive
wow,5,2025-05-14,Dashen,Google Play,0.5859,positive
👍,5,2025-05-14,Dashen,Google Play,0.0,neutral
"It grows ethiopian digital banking step ahead.All fetures in one,simple fast and convince.",5,2025-05-14,Dashen,Google Play,0.25,positive
Game changer,5,2025-05-13,Dashen,Google Play,0.0,neutral
Totally amazing,5,2025-05-13,Dashen,Google Play,0.624,positive
super 😎,5,2025-05-13,Dashen,Google Play,0.5994,positive
what a helpful app!!!!,5,2025-05-13,Dashen,Google Play,0.6083,positive
Good,4,2025-05-13,Dashen,Google Play,0.4404,positive
nice,5,2025-05-13,Dashen,Google Play,0.4215,positive
wow,5,2025-05-13,Dashen,Google Play,0.5859,positive
"To be honest, best banking and lifestyle app in Ethiopia.",5,2025-05-12,Dashen,Google Play,0.8176,positive
fast,5,2025-05-12,Dashen,Google Play,0.0,neutral
"A must have, seamless, all in one digital platform ""DB Superapp""! Keep living your motto ""Always one step ahead""",5,2025-05-12,Dashen,Google Play,0.0,neutral
good,5,2025-05-09,Dashen,Google Play,0.4404,positive
Amazing app super easy to use and best design. loved it.,5,2025-05-09,Dashen,Google Play,0.9623,positive
its the best ever,5,2025-05-09,Dashen,Google Play,0.6369,positive
nice,5,2025-05-08,Dashen,Google Play,0.4215,positive
excellent game changer App,5,2025-05-08,Dashen,Google Play,0.5719,positive
I am highly excited by using this application and it is the most favorable as well as preferrable mobile app.,5,2025-05-03,Dashen,Google Play,0.8151,positive
it seems me logging out within minutes,1,2025-05-03,Dashen,Google Play,0.0,neutral
nice app especially GUI and I have got some error when you send within dashen bank the receipter is not get SMS notification,4,2025-05-03,Dashen,Google Play,0.0258,neutral
yes i want dashen super open,5,2025-05-02,Dashen,Google Play,0.7845,positive
faster than this version,5,2025-05-01,Dashen,Google Play,0.0,neutral
"Best UI mobile banking app, props to design team",5,2025-04-30,Dashen,Google Play,0.6369,positive
thank you,4,2025-04-30,Dashen,Google Play,0.3612,positive
great app,5,2025-04-30,Dashen,Google Play,0.6249,positive
bad.,1,2025-04-30,Dashen,Google Play,-0.5423,negative
dashen super app is secure band very easy,5,2025-04-29,Dashen,Google Play,0.8588,positive
It is very fast and secured mobile banking app! I like this app!,5,2025-04-29,Dashen,Google Play,0.7225,positive
best app I have ever seen,5,2025-04-29,Dashen,Google Play,0.6369,positive
best of best,5,2025-04-29,Dashen,Google Play,0.8555,positive
waw,5,2025-04-28,Dashen,Google Play,0.0,neutral
best app,5,2025-04-28,Dashen,Google Play,0.6369,positive
Its slow when i try to see the Recent Transaction and stucked,1,2025-04-28,Dashen,Google Play,0.0,neutral
wowslnwoooo wowwww amazing !!!!!!!!,5,2025-04-28,Dashen,Google Play,0.7156,positive
wow appl,5,2025-04-28,Dashen,Google Play,0.5859,positive
why do i have to change a pin number i use my finger print so dummy,1,2025-04-27,Dashen,Google Play,0.0772,positive
very nice,5,2025-04-26,Dashen,Google Play,0.4754,positive
great,4,2025-04-26,Dashen,Google Play,0.6249,positive
"It is very slow and it lacks many features to be a super app. High rating is given by their employees, not by the customers.",1,2025-04-25,Dashen,Google Play,0.5994,positive
"Smooth and secure experience transfers, bill payments, and tracking expenses are all effortless. The intuitive design makes banking on the go.",5,2025-04-24,Dashen,Google Play,0.34,positive
Very easy and Fast.,5,2025-04-24,Dashen,Google Play,0.4927,positive
Incomparably user-friendly and fast app for mobile banking.,5,2025-04-24,Dashen,Google Play,0.0,neutral
"there is nothing super about this app, repeatedly failed transaction and wastes customer valuable time. if you have to do system upgrade do it at a time when there is less traffic demand. your Technical difficulty should not be reflected on customer.",2,2025-04-24,Dashen,Google Play,-0.7156,negative
execellent,5,2025-04-24,Dashen,Google Play,0.0,neutral
"This super app is a total game-changer—fast, reliable, and packed with everything I need in one place. It’s seamless and super convenient. Love it!""",5,2025-04-23,Dashen,Google Play,0.923,positive
All in One ✍️secure ✍️reliable ✍️convenient. Digital banking game changer!!,5,2025-04-23,Dashen,Google Play,0.0,neutral
it is incredible product.,5,2025-04-23,Dashen,Google Play,0.0,neutral
"I'm really impressed with this app! It’s user-friendly, runs smoothly, and has all the features I need. Makes my tasks so much easier and saves me a lot of time. Highly recommended!",5,2025-04-23,Dashen,Google Play,0.8461,positive
best app,5,2025-04-23,Dashen,Google Play,0.6369,positive
ok,5,2025-04-23,Dashen,Google Play,0.296,positive
"It's an amazing app, experience it!!",5,2025-04-23,Dashen,Google Play,0.658,positive
This is the best banking app ever. I recommend everyone to use it.,5,2025-04-23,Dashen,Google Play,0.7717,positive
It is the best application!!!,5,2025-04-22,Dashen,Google Play,0.7249,positive
"Exceptional digital experience, SupperApp will bring new paradigm shift in the banking business. Bravo Dashen keep it up!!!!",5,2025-04-22,Dashen,Google Play,0.0,neutral
its features are so dynamic,5,2025-04-22,Dashen,Google Play,0.5214,positive
fast &Friendly user Application.,5,2025-04-22,Dashen,Google Play,0.0,neutral
"Fast, Reliable and User Friendly. Keep it Up",5,2025-04-22,Dashen,Google Play,0.4939,positive
"#dashen super app is easy to use, secure & fast transaction😍",5,2025-04-22,Dashen,Google Play,0.8481,positive
i love this app esp 3 click that make e-commerce easier and convinient.,5,2025-04-22,Dashen,Google Play,0.7906,positive
Great for everyday banking and payments on the go,5,2025-04-22,Dashen,Google Play,0.6249,positive
"""Dashen Super App'' is impressive with its focus on simplicity, speed, and quality. The user interface is clean and easy to understand. Transactions process quickly, and the overall quality of the app is top-notch. A must-have for Dashen Bank customers. ዳሸን ባንክ አንድ እርምጃ ቀዳሚ።",5,2025-04-22,Dashen,Google Play,0.9153,positive
making transactions has never been easier. the new update is just amazing,5,2025-04-22,Dashen,Google Play,0.3544,positive
"The app has various usefull functions, which make easy the payment system. Also, it will connect with sellers having reasonable prices.",5,2025-04-22,Dashen,Google Play,0.4404,positive
The app has great user interface with comprehensive payments and E-commerce platforms. And also it includes unique features such as chat Banking and budget.,5,2025-04-22,Dashen,Google Play,0.7269,positive
betam mirt Ena betam le atikakem kelel Yale Ena michu application nw,5,2025-04-22,Dashen,Google Play,0.0,neutral
Convenient!,5,2025-04-22,Dashen,Google Play,0.0,neutral
It is an amazing application that meets the needs of customers.,5,2025-04-22,Dashen,Google Play,0.5859,positive
Effecting payment via the app has created convenience to the recipients in easily confirming the payments received!,5,2025-04-22,Dashen,Google Play,0.5707,positive
the best Supper App ever,5,2025-04-22,Dashen,Google Play,0.6369,positive
"This is the best app ever, when is it planned to include digital lending and gasification?",5,2025-04-22,Dashen,Google Play,0.6369,positive
"A powerful, local solution that rivals any global app. I love how easy it is to explore services and products.",5,2025-04-22,Dashen,Google Play,0.9042,positive
Dashen bank is my number one choice,5,2025-04-22,Dashen,Google Play,0.0772,positive
Assefa Genetu = Dashen superup is the latest and inclussive .I am happy with this super up.,5,2025-04-22,Dashen,Google Play,0.8225,positive
"The App is incredibly user-friendly and brings multiple services into one place. It's fast, intuitive, and makes daily tasks super convenient. A true all-in-one solution!",5,2025-04-21,Dashen,Google Play,0.8516,positive
"Proudly made in Ethiopia, this innovation delivers more than promised. The marketplace is a major boost for local commerce",5,2025-04-21,Dashen,Google Play,0.9017,positive
it so fanrastic and user friendly app. Bravo Dashen bank thanks.,5,2025-04-21,Dashen,Google Play,0.7269,positive
"one of the best digital platforms I've used! from smooth transactions to a seamless shopping experience, highly recommended.",5,2025-04-21,Dashen,Google Play,0.7639,positive
A proudly Ethiopia innovation that delivers beyond expectations. The marketplace feature is a big win for local shoppers bnd sellers,5,2025-04-21,Dashen,Google Play,0.875,positive
"Dashen Super App is a game-changer! It’s fast, user-friendly, and packed with features that make everyday banking and transactions super convenient. I love how everything I need from mobile banking to utility payments is all in one place. The interface is clean, and everything works smoothly. Definitely one of the best apps out there. Highly recommended!",5,2025-04-21,Dashen,Google Play,0.9758,positive
Easy to use and has many options. It is the best financial app I have ever used.,5,2025-04-21,Dashen,Google Play,0.7964,positive
"Highly impressed! Dash Bank really nailed it with this app. Secure, reliable, and packed with features I use daily",5,2025-04-21,Dashen,Google Play,0.7257,positive
"One of the best digital platforms I’ve used! From smooth transactions to a seamless shopping experience, Highly recommended",5,2025-04-21,Dashen,Google Play,0.7639,positive
Very convenient,5,2025-04-21,Dashen,Google Play,0.0,neutral
"The user experience is seamless, and everything just works perfectly right out of the box. I can’t believe how much time and effort it saves me every day.",5,2025-04-21,Dashen,Google Play,0.6369,positive
wawwwww what nice super app !!keep it up dashen bank !!,5,2025-04-21,Dashen,Google Play,0.8346,positive
"Dashen SuperApp the ultimate all-in-one solution! From banking and shopping to bill payments, everything you need is right at your fingertips. Life just got a whole lot easier!",5,2025-04-21,Dashen,Google Play,0.6892,positive
"It is,really super because of its unique offerings to individuals and businesses.It is a secure UX first app intended to cater comprehensive digital meeds.I am also happy to know that Dashen is considering to make the app more inclusive by lowering the mobile version requirements .",5,2025-04-21,Dashen,Google Play,0.8669,positive
"the very easy, secured, fast and multifunctional dashen supper application I ever seen. dashen really one steps ahead!!!",5,2025-04-21,Dashen,Google Play,0.7934,positive
"One app for everything! I can shop, manage my bank account , and do so much more . Truly a super app",5,2025-04-21,Dashen,Google Play,0.8371,positive
one of the best digital platforms I’ve used! From smooth transactions to a seamless shopping experie,5,2025-04-21,Dashen,Google Play,0.6696,positive
"Dashen Bank super App is the most suitable, reliable, and fast digital banking system.",5,2025-04-21,Dashen,Google Play,0.5994,positive
This is what we call banking app. As professional I want banking app as simple as this and an app rich of features that align with my lifestyle.,5,2025-04-21,Dashen,Google Play,0.5994,positive
thanks again,5,2025-04-21,Dashen,Google Play,0.4404,positive
Super Easy To Use and Fast Transaction.,5,2025-04-21,Dashen,Google Play,0.7783,positive
"I have an incredible experience with Dashen super app, what an amazing platform is it?. keep pioneering in technological advancement 👏👏👏",5,2025-04-21,Dashen,Google Play,0.8271,positive
"i can't recommend the Dashen Super App enough! This app is truly a game changer for anyone looking for a seamless and efficient way to manage their daily life. It combines multiple essential services into one easy-to-use platform, saving time and simplifying tasks The user interface is modern, intuitive, and super responsive, making navigation a breeze. Whether it's banking, payment services, or accessing lifestyle features, everything is just a few clicks away!!",5,2025-04-21,Dashen,Google Play,0.941,positive
"The app is incredibly handy for managing multiple financial tasks, from bill payments to managing budgets. It’s saved me a lot of time and made banking way more convenient. Definitely worth checking out!",5,2025-04-21,Dashen,Google Play,0.8039,positive
what an App,5,2025-04-21,Dashen,Google Play,0.0,neutral
The new e-commerce feature is incredibly amazing and user friendly.,5,2025-04-21,Dashen,Google Play,0.807,positive
"dashen bank supper app is the most easy to use and have high speed,quality and I like features like chat,budget,fuel payment, and security for my opinion this product is techonolgy edge,this international standard thanks for product oweners (dashen bank)",3,2025-04-21,Dashen,Google Play,0.9099,positive
"The Dashen supperapp is a revolutionary advancement in digital banking, combining exceptional usability, an intuitive interface and a seamless user experience. among its standout features are the integration of QR codes, account statement, transaction advise, chat, transaction authentication for limit thresholds, budgeting and different app in a single dashboard. Truly ahead of the curve ..... keep up the excellent work 🤝👏",5,2025-04-21,Dashen,Google Play,0.765,positive
"A proudly Ethiopian innovation that delivers beyond expectations. The marketplace feature is a big win for local shoppers and sellers. Very impressed with the new updates, The e-commerce section is smooth and supports Ethiopian merchants!",5,2025-04-21,Dashen,Google Play,0.945,positive
"Very impressed with the new updates, The e-commerce section is smooth and supports Ethiopian merchants.",5,2025-04-21,Dashen,Google Play,0.7089,positive
"Dashen Bank Super App is fast, reliable, and super easy to use. All my banking needs are handled smoothly in one place. Clean design and seamless experience – highly recommended!",5,2025-04-21,Dashen,Google Play,0.9412,positive
"Db sup app is A platform or an application that can grasp more satisfactions through fastest mode of operation which means for budget planning, to use QR code(scan, pay, go) chat with staff, acc to acc other bank ft, merchant payment, and easly. I addition to i satisfied and i invite everyone to use those platform!!.",5,2025-04-21,Dashen,Google Play,0.7892,positive
the chat banking and unique and only app that alow money request!!,5,2025-04-21,Dashen,Google Play,0.0,neutral
Better and inclusive app!,5,2025-04-21,Dashen,Google Play,0.4926,positive
Amazing Application,5,2025-04-21,Dashen,Google Play,0.5859,positive
It keep my time to pay my bills and I generate my satment easily,5,2025-04-21,Dashen,Google Play,0.25,positive
"It's an amazing app that is up-to-date with the times, wow wow",5,2025-04-21,Dashen,Google Play,0.9081,positive
A game-changing Ethiopian innovation—where shopping meets opportunity. The marketplace feature connects buyers and sellers like never before.,5,2025-04-21,Dashen,Google Play,0.6486,positive
"Dashen Super App isn’t just an app — it’s an experience. Effortless, powerful, and built for the future",5,2025-04-21,Dashen,Google Play,0.7717,positive
"This Is An Amazing App with Uniqe Quality,Easy And Fast Mobile Banking App.",5,2025-04-21,Dashen,Google Play,0.5859,positive
"Dashen SuperApp is a lifesaver! Banking, shopping, and bills in one super easy app. The new e-commerce feature is awesome and supports local merchants. Fast, secure, and proudly Ethiopian.Download it now—you won’t regret it!",5,2025-04-21,Dashen,Google Play,0.9682,positive
"Dashen SuperApp blends finance, shopping, and daily services effortlessly. The new e-commerce feature is smooth and supports local merchants—proud to back an Ethiopian-made solution!",5,2025-04-21,Dashen,Google Play,0.6239,positive
"A solid step forward by Dashen Bank. The SuperApp combines essential banking features with lifestyle services, making everything accessible in one place. The interface is smooth, and transactions are quick and reliable. It’s clear a lot of thought went into the design and functionality. Great job!",5,2025-04-21,Dashen,Google Play,0.8221,positive
Dashen bank super app is the crucial and convenient app in Ethiopia. there is no other app to compare with Dashen bank super app,5,2025-04-21,Dashen,Google Play,0.765,positive
"All-in-one finance & e-commerce super app! Pay, save, shop seamlessly. Fast, secure. #BankAndShop",5,2025-04-21,Dashen,Google Play,0.8553,positive
it's a hestorical app. in the bank industry.,5,2025-04-21,Dashen,Google Play,0.0,neutral
"A game changer in Ethiopian digital banking fast, secure, and packed with services. Everything you need, all in one powerful app. A true leap toward financial convenience and innovation!",4,2025-04-21,Dashen,Google Play,0.8718,positive
"easy &,simple to use",5,2025-04-21,Dashen,Google Play,0.4404,positive
